	sequences per sample	iteration	10317.000033729	10317.000041251	10317.000016493	10317.000051204	10317.000052041	10317.000014528	10317.000043200	10317.000040414	10317.000046111	10317.000022510	10317.000052274	10317.000062990	10317.000062082	10317.000041278	10317.000066594	10317.000043169	10317.000039600	10317.000035470	10317.000049819	10317.000069167	10317.000068291	10317.000040003	10317.000023965	10317.000047783	10317.000031484	10317.000062952	10317.000049934	10317.000069195	10317.000039516	10317.000031892	10317.000039978	10317.000041831	10317.000028819	10317.000052273	10317.000052421	10317.000045025	10317.000041334	10317.000037524	10317.000028820	10317.000041060	10317.000022952	10317.000051202	10317.000054099	10317.000035402	10317.000016349	10317.000052279	10317.000039525	10317.000043090	10317.000047833	10317.000028905	10317.000039953	10317.000023973	10317.000052430	10317.000046186	10317.000062954	10317.000039918	10317.000043218	10317.000052029	10317.000049730	10317.000021692	10317.000058489	10317.000062991	10317.000040130	10317.000040357	10317.000063023	10317.000052050	10317.000039554	10317.000066924	10317.000043117	10317.000039521	10317.000041522	10317.000034177	10317.000046085	10317.000033748	10317.000052324	10317.000031270	10317.000068300	10317.000054311	10317.000021693	10317.000041370	10317.000040033	10317.000040397	10317.000052270	10317.000034178	10317.000031348	10317.000052003	10317.000040157	10317.000051180	10317.000046112	10317.000039986	10317.000042738	10317.000039619	10317.000068288	10317.000046217
alpha_rarefaction_10_0.txt	10	0	7.0	9.0	10.0	10.0	4.0	8.0	9.0	8.0	8.0	8.0	5.0	7.0	9.0	10.0	8.0	8.0	9.0	9.0	9.0	8.0	7.0	8.0	10.0	6.0	7.0	7.0	7.0	6.0	7.0	8.0	8.0	6.0	5.0	7.0	8.0	10.0	7.0	9.0	7.0	7.0	6.0	5.0	7.0	7.0	6.0	10.0	5.0	9.0	9.0	9.0	6.0	8.0	9.0	10.0	8.0	10.0	8.0	8.0	7.0	8.0	3.0	10.0	8.0	9.0	5.0	9.0	10.0	9.0	8.0	7.0	7.0	9.0	8.0	9.0	8.0	8.0	8.0	7.0	7.0	4.0	8.0	9.0	7.0	7.0	7.0	8.0	9.0	7.0	8.0	9.0	7.0	7.0	7.0	9.0
alpha_rarefaction_10_1.txt	10	1	10.0	9.0	7.0	8.0	5.0	8.0	10.0	9.0	10.0	7.0	6.0	5.0	9.0	9.0	8.0	9.0	9.0	7.0	8.0	7.0	9.0	8.0	9.0	8.0	5.0	10.0	6.0	7.0	8.0	9.0	6.0	4.0	5.0	6.0	8.0	10.0	10.0	10.0	5.0	6.0	7.0	7.0	6.0	10.0	5.0	10.0	5.0	8.0	9.0	8.0	8.0	9.0	8.0	9.0	4.0	7.0	8.0	7.0	8.0	7.0	6.0	7.0	9.0	9.0	7.0	10.0	9.0	10.0	9.0	9.0	8.0	6.0	5.0	7.0	7.0	8.0	8.0	9.0	8.0	8.0	7.0	9.0	8.0	7.0	8.0	10.0	9.0	9.0	9.0	10.0	10.0	8.0	9.0	10.0
alpha_rarefaction_10_2.txt	10	2	10.0	5.0	8.0	9.0	5.0	7.0	8.0	9.0	8.0	9.0	6.0	9.0	9.0	7.0	8.0	9.0	7.0	9.0	8.0	7.0	7.0	7.0	9.0	6.0	7.0	8.0	7.0	6.0	9.0	7.0	8.0	6.0	7.0	3.0	5.0	10.0	10.0	9.0	6.0	7.0	7.0	5.0	6.0	8.0	3.0	8.0	5.0	10.0	7.0	8.0	5.0	10.0	8.0	9.0	4.0	10.0	9.0	6.0	8.0	9.0	6.0	9.0	8.0	8.0	4.0	10.0	8.0	7.0	7.0	7.0	7.0	10.0	5.0	5.0	8.0	7.0	10.0	9.0	5.0	9.0	6.0	8.0	8.0	7.0	7.0	10.0	9.0	8.0	8.0	9.0	10.0	9.0	9.0	9.0
alpha_rarefaction_10_3.txt	10	3	7.0	8.0	7.0	9.0	6.0	9.0	8.0	8.0	8.0	5.0	7.0	8.0	9.0	7.0	9.0	9.0	9.0	8.0	8.0	9.0	9.0	7.0	10.0	9.0	7.0	8.0	7.0	6.0	7.0	9.0	7.0	4.0	7.0	7.0	5.0	10.0	6.0	8.0	5.0	6.0	7.0	7.0	9.0	7.0	6.0	9.0	6.0	9.0	8.0	9.0	8.0	10.0	8.0	7.0	5.0	6.0	10.0	8.0	4.0	8.0	5.0	8.0	9.0	9.0	4.0	7.0	10.0	9.0	8.0	9.0	6.0	7.0	6.0	8.0	7.0	10.0	10.0	6.0	5.0	5.0	7.0	6.0	7.0	9.0	9.0	9.0	9.0	7.0	7.0	9.0	8.0	7.0	9.0	6.0
alpha_rarefaction_10_4.txt	10	4	8.0	7.0	9.0	8.0	5.0	10.0	10.0	8.0	7.0	7.0	9.0	8.0	9.0	6.0	9.0	9.0	8.0	8.0	9.0	6.0	7.0	9.0	9.0	7.0	8.0	9.0	6.0	5.0	7.0	7.0	8.0	5.0	7.0	6.0	6.0	8.0	8.0	10.0	5.0	7.0	9.0	7.0	9.0	8.0	7.0	9.0	4.0	8.0	7.0	8.0	10.0	9.0	9.0	7.0	2.0	9.0	9.0	7.0	7.0	8.0	7.0	8.0	8.0	10.0	7.0	8.0	10.0	10.0	10.0	8.0	5.0	4.0	6.0	7.0	8.0	7.0	8.0	6.0	5.0	6.0	7.0	9.0	7.0	9.0	9.0	8.0	8.0	10.0	8.0	10.0	9.0	7.0	9.0	7.0
alpha_rarefaction_10_5.txt	10	5	6.0	9.0	9.0	9.0	3.0	8.0	8.0	9.0	9.0	9.0	7.0	8.0	10.0	8.0	6.0	10.0	7.0	9.0	6.0	8.0	10.0	9.0	9.0	9.0	6.0	8.0	6.0	7.0	6.0	9.0	9.0	5.0	6.0	7.0	8.0	10.0	8.0	8.0	6.0	7.0	8.0	6.0	8.0	9.0	5.0	9.0	3.0	10.0	7.0	8.0	6.0	9.0	9.0	8.0	5.0	8.0	10.0	8.0	5.0	8.0	5.0	6.0	7.0	7.0	9.0	7.0	9.0	8.0	10.0	8.0	9.0	7.0	6.0	6.0	8.0	8.0	9.0	8.0	8.0	7.0	8.0	9.0	7.0	8.0	7.0	9.0	8.0	8.0	6.0	8.0	8.0	6.0	9.0	9.0
alpha_rarefaction_10_6.txt	10	6	7.0	8.0	10.0	8.0	3.0	7.0	8.0	9.0	10.0	7.0	9.0	8.0	9.0	8.0	8.0	9.0	8.0	8.0	9.0	8.0	8.0	7.0	10.0	9.0	7.0	9.0	8.0	5.0	5.0	9.0	8.0	5.0	7.0	6.0	5.0	10.0	10.0	10.0	6.0	8.0	7.0	9.0	7.0	8.0	6.0	10.0	6.0	5.0	8.0	9.0	5.0	10.0	8.0	6.0	7.0	9.0	7.0	9.0	4.0	6.0	6.0	6.0	10.0	7.0	5.0	9.0	8.0	8.0	9.0	7.0	7.0	7.0	7.0	6.0	8.0	8.0	8.0	9.0	9.0	9.0	5.0	9.0	8.0	8.0	6.0	10.0	9.0	8.0	9.0	7.0	10.0	8.0	7.0	8.0
alpha_rarefaction_10_7.txt	10	7	9.0	7.0	7.0	7.0	6.0	8.0	10.0	9.0	8.0	7.0	7.0	8.0	10.0	9.0	8.0	9.0	8.0	9.0	6.0	10.0	9.0	8.0	10.0	8.0	6.0	9.0	5.0	7.0	8.0	8.0	9.0	4.0	6.0	5.0	8.0	10.0	7.0	10.0	4.0	6.0	7.0	7.0	5.0	9.0	4.0	10.0	5.0	10.0	5.0	9.0	7.0	9.0	8.0	9.0	6.0	9.0	10.0	7.0	6.0	9.0	5.0	6.0	7.0	9.0	5.0	8.0	8.0	10.0	8.0	7.0	8.0	7.0	9.0	5.0	6.0	8.0	10.0	8.0	4.0	8.0	7.0	7.0	8.0	8.0	9.0	9.0	6.0	10.0	7.0	8.0	6.0	9.0	7.0	8.0
alpha_rarefaction_10_8.txt	10	8	7.0	5.0	7.0	7.0	6.0	7.0	10.0	9.0	10.0	10.0	8.0	8.0	8.0	7.0	6.0	8.0	9.0	8.0	7.0	10.0	7.0	7.0	7.0	9.0	4.0	6.0	5.0	6.0	8.0	9.0	7.0	5.0	9.0	9.0	9.0	10.0	9.0	10.0	4.0	8.0	8.0	8.0	5.0	8.0	5.0	9.0	5.0	8.0	9.0	7.0	7.0	8.0	8.0	9.0	2.0	10.0	7.0	9.0	7.0	8.0	7.0	8.0	8.0	10.0	7.0	8.0	9.0	8.0	9.0	9.0	5.0	7.0	6.0	5.0	10.0	10.0	7.0	7.0	9.0	7.0	8.0	8.0	9.0	10.0	9.0	10.0	8.0	7.0	9.0	8.0	7.0	9.0	7.0	9.0
alpha_rarefaction_10_9.txt	10	9	9.0	8.0	9.0	8.0	2.0	8.0	10.0	8.0	9.0	5.0	8.0	8.0	10.0	8.0	9.0	9.0	9.0	10.0	4.0	7.0	7.0	10.0	9.0	8.0	10.0	10.0	6.0	4.0	6.0	7.0	8.0	3.0	5.0	8.0	7.0	10.0	8.0	10.0	7.0	7.0	7.0	7.0	7.0	8.0	6.0	10.0	4.0	10.0	8.0	10.0	8.0	9.0	10.0	10.0	5.0	8.0	7.0	7.0	5.0	9.0	7.0	8.0	10.0	10.0	6.0	8.0	9.0	9.0	7.0	9.0	7.0	4.0	9.0	9.0	8.0	9.0	8.0	6.0	8.0	7.0	7.0	8.0	7.0	8.0	7.0	10.0	8.0	10.0	8.0	9.0	9.0	10.0	9.0	8.0
alpha_rarefaction_159_0.txt	159	0	49.0	45.0	64.0	39.0	38.0	51.0	85.0	68.0	50.0	47.0	40.0	45.0	64.0	52.0	36.0	50.0	43.0	53.0	51.0	59.0	47.0	48.0	47.0	59.0	46.0	47.0	26.0	36.0	40.0	64.0	41.0	24.0	40.0	42.0	59.0	73.0	43.0	70.0	22.0	52.0	50.0	34.0	48.0	71.0	15.0	66.0	20.0	61.0	30.0	49.0	44.0	65.0	47.0	56.0	28.0	48.0	53.0	35.0	22.0	44.0	40.0	48.0	51.0	61.0	25.0	57.0	70.0	62.0	60.0	54.0	32.0	50.0	62.0	49.0	65.0	59.0	60.0	48.0	42.0	34.0	39.0	70.0	44.0	52.0	46.0	66.0	52.0	47.0	42.0	62.0	60.0	43.0	60.0	55.0
alpha_rarefaction_159_1.txt	159	1	58.0	47.0	67.0	38.0	35.0	47.0	83.0	65.0	63.0	52.0	43.0	45.0	67.0	46.0	39.0	55.0	46.0	47.0	43.0	54.0	45.0	48.0	60.0	52.0	55.0	52.0	20.0	41.0	46.0	61.0	40.0	21.0	45.0	44.0	52.0	63.0	46.0	77.0	26.0	42.0	57.0	48.0	44.0	66.0	12.0	75.0	20.0	73.0	39.0	48.0	42.0	60.0	55.0	50.0	31.0	45.0	62.0	32.0	25.0	39.0	36.0	43.0	51.0	61.0	21.0	50.0	67.0	64.0	58.0	47.0	35.0	48.0	59.0	47.0	61.0	58.0	56.0	51.0	36.0	35.0	38.0	64.0	54.0	50.0	50.0	83.0	59.0	53.0	32.0	57.0	51.0	47.0	52.0	46.0
alpha_rarefaction_159_2.txt	159	2	44.0	48.0	65.0	34.0	36.0	47.0	79.0	62.0	50.0	51.0	38.0	37.0	65.0	44.0	42.0	54.0	47.0	60.0	44.0	62.0	52.0	53.0	57.0	54.0	50.0	47.0	24.0	44.0	45.0	68.0	43.0	27.0	34.0	50.0	64.0	65.0	50.0	76.0	22.0	51.0	45.0	41.0	46.0	64.0	14.0	68.0	18.0	67.0	26.0	45.0	40.0	61.0	52.0	55.0	35.0	46.0	62.0	31.0	25.0	44.0	34.0	41.0	56.0	52.0	22.0	55.0	71.0	57.0	61.0	52.0	28.0	39.0	64.0	55.0	55.0	58.0	59.0	44.0	44.0	37.0	37.0	73.0	48.0	52.0	46.0	79.0	60.0	52.0	33.0	53.0	51.0	48.0	56.0	49.0
alpha_rarefaction_159_3.txt	159	3	53.0	49.0	60.0	35.0	37.0	47.0	79.0	55.0	60.0	51.0	36.0	38.0	68.0	46.0	45.0	50.0	51.0	50.0	50.0	51.0	49.0	49.0	58.0	57.0	39.0	52.0	24.0	38.0	48.0	53.0	37.0	18.0	41.0	43.0	47.0	63.0	50.0	80.0	25.0	43.0	49.0	46.0	46.0	64.0	13.0	69.0	21.0	73.0	36.0	49.0	42.0	62.0	50.0	45.0	29.0	45.0	60.0	31.0	28.0	45.0	35.0	49.0	56.0	54.0	30.0	60.0	63.0	55.0	56.0	63.0	30.0	41.0	61.0	46.0	59.0	59.0	64.0	54.0	45.0	38.0	39.0	67.0	55.0	50.0	54.0	75.0	53.0	50.0	42.0	54.0	54.0	38.0	53.0	49.0
alpha_rarefaction_159_4.txt	159	4	48.0	46.0	62.0	32.0	39.0	51.0	78.0	59.0	48.0	44.0	33.0	43.0	59.0	50.0	40.0	60.0	56.0	53.0	46.0	49.0	40.0	57.0	55.0	58.0	47.0	49.0	26.0	38.0	47.0	53.0	41.0	23.0	39.0	39.0	63.0	66.0	43.0	70.0	21.0	47.0	49.0	37.0	49.0	64.0	13.0	67.0	18.0	78.0	29.0	54.0	44.0	62.0	50.0	55.0	29.0	41.0	57.0	31.0	30.0	41.0	35.0	47.0	54.0	53.0	27.0	57.0	74.0	57.0	67.0	57.0	31.0	43.0	55.0	53.0	56.0	63.0	64.0	51.0	45.0	47.0	36.0	65.0	52.0	53.0	54.0	73.0	49.0	51.0	37.0	64.0	57.0	43.0	51.0	55.0
alpha_rarefaction_159_5.txt	159	5	49.0	54.0	58.0	36.0	40.0	52.0	85.0	63.0	56.0	55.0	33.0	40.0	63.0	50.0	41.0	50.0	49.0	52.0	40.0	55.0	50.0	44.0	48.0	63.0	42.0	49.0	27.0	39.0	47.0	55.0	43.0	22.0	34.0	43.0	57.0	63.0	44.0	73.0	26.0	48.0	59.0	44.0	49.0	59.0	15.0	65.0	21.0	68.0	36.0	41.0	40.0	68.0	48.0	55.0	27.0	46.0	59.0	37.0	25.0	39.0	49.0	41.0	57.0	51.0	31.0	54.0	70.0	61.0	50.0	50.0	35.0	47.0	65.0	45.0	57.0	66.0	62.0	45.0	40.0	41.0	36.0	72.0	51.0	55.0	44.0	75.0	58.0	49.0	44.0	57.0	58.0	44.0	50.0	49.0
alpha_rarefaction_159_6.txt	159	6	51.0	44.0	61.0	34.0	38.0	49.0	86.0	67.0	55.0	51.0	35.0	42.0	66.0	47.0	42.0	56.0	51.0	59.0	49.0	48.0	50.0	50.0	49.0	53.0	47.0	50.0	28.0	38.0	50.0	65.0	45.0	27.0	31.0	47.0	56.0	57.0	42.0	83.0	23.0	45.0	52.0	39.0	47.0	62.0	13.0	72.0	18.0	71.0	37.0	50.0	42.0	64.0	46.0	55.0	30.0	47.0	61.0	34.0	24.0	50.0	38.0	40.0	52.0	59.0	32.0	57.0	67.0	60.0	54.0	59.0	27.0	42.0	56.0	51.0	67.0	54.0	52.0	52.0	37.0	41.0	34.0	62.0	48.0	53.0	47.0	71.0	46.0	45.0	39.0	60.0	48.0	50.0	47.0	54.0
alpha_rarefaction_159_7.txt	159	7	48.0	50.0	59.0	34.0	42.0	47.0	96.0	54.0	52.0	45.0	36.0	39.0	70.0	50.0	41.0	51.0	47.0	49.0	43.0	47.0	49.0	52.0	43.0	54.0	46.0	49.0	28.0	37.0	47.0	60.0	40.0	21.0	37.0	46.0	61.0	65.0	49.0	73.0	26.0	49.0	63.0	34.0	45.0	66.0	17.0	65.0	17.0	65.0	34.0	44.0	40.0	60.0	57.0	55.0	31.0	45.0	60.0	38.0	27.0	38.0	44.0	47.0	53.0	59.0	31.0	54.0	59.0	58.0	53.0	57.0	32.0	38.0	60.0	47.0	59.0	57.0	60.0	45.0	40.0	41.0	36.0	67.0	52.0	50.0	44.0	81.0	58.0	47.0	41.0	55.0	55.0	49.0	51.0	47.0
alpha_rarefaction_159_8.txt	159	8	51.0	56.0	53.0	38.0	41.0	46.0	78.0	60.0	58.0	51.0	40.0	36.0	68.0	49.0	41.0	45.0	60.0	66.0	40.0	46.0	58.0	49.0	49.0	57.0	44.0	48.0	26.0	38.0	48.0	59.0	40.0	23.0	39.0	37.0	62.0	66.0	51.0	73.0	21.0	51.0	55.0	39.0	48.0	60.0	13.0	68.0	22.0	70.0	29.0	43.0	37.0	61.0	55.0	51.0	30.0	42.0	62.0	37.0	28.0	42.0	46.0	43.0	55.0	52.0	22.0	62.0	64.0	68.0	61.0	55.0	28.0	50.0	51.0	55.0	55.0	51.0	60.0	43.0	47.0	35.0	36.0	64.0	52.0	57.0	52.0	73.0	47.0	51.0	39.0	57.0	57.0	44.0	57.0	57.0
alpha_rarefaction_159_9.txt	159	9	49.0	50.0	66.0	32.0	42.0	50.0	78.0	70.0	54.0	50.0	31.0	39.0	69.0	49.0	39.0	54.0	48.0	56.0	49.0	50.0	52.0	51.0	54.0	62.0	53.0	44.0	29.0	39.0	45.0	56.0	36.0	19.0	38.0	40.0	60.0	70.0	54.0	70.0	22.0	54.0	59.0	39.0	49.0	67.0	13.0	73.0	16.0	73.0	38.0	46.0	43.0	57.0	52.0	57.0	28.0	45.0	48.0	35.0	23.0	38.0	43.0	47.0	61.0	62.0	32.0	50.0	74.0	62.0	68.0	54.0	27.0	48.0	59.0	58.0	51.0	57.0	59.0	54.0	43.0	36.0	42.0	75.0	43.0	56.0	53.0	75.0	55.0	39.0	35.0	63.0	63.0	45.0	54.0	57.0
alpha_rarefaction_308_0.txt	308	0	72.0	72.0	80.0	47.0	59.0	63.0	126.0	86.0	71.0	60.0	54.0	53.0	95.0	66.0	43.0	73.0	69.0	79.0	63.0	74.0	75.0	65.0	79.0	81.0	76.0	60.0	35.0	54.0	69.0	80.0	59.0	35.0	51.0	53.0	78.0	94.0	61.0	108.0	31.0	64.0	72.0	42.0	65.0	86.0	17.0	99.0	30.0	102.0	44.0	75.0	58.0	93.0	67.0	65.0	41.0	58.0	75.0	41.0	43.0	62.0	59.0	61.0	79.0	65.0	38.0	83.0	94.0	97.0	76.0	74.0	39.0	58.0	90.0	64.0	83.0	80.0	92.0	52.0	59.0	45.0	47.0	88.0	68.0	66.0	66.0	112.0	74.0	67.0	55.0	89.0	70.0	69.0	71.0	70.0
alpha_rarefaction_308_1.txt	308	1	63.0	71.0	85.0	43.0	57.0	75.0	118.0	88.0	75.0	71.0	58.0	46.0	93.0	65.0	53.0	67.0	64.0	82.0	63.0	64.0	71.0	70.0	84.0	78.0	69.0	70.0	31.0	56.0	69.0	79.0	54.0	36.0	52.0	62.0	84.0	98.0	65.0	107.0	32.0	65.0	74.0	52.0	63.0	97.0	17.0	105.0	23.0	98.0	52.0	73.0	54.0	83.0	62.0	65.0	40.0	58.0	87.0	43.0	45.0	50.0	61.0	52.0	67.0	79.0	34.0	76.0	87.0	89.0	84.0	82.0	45.0	56.0	88.0	67.0	91.0	82.0	84.0	63.0	61.0	41.0	46.0	97.0	72.0	71.0	69.0	105.0	74.0	68.0	49.0	84.0	80.0	70.0	69.0	67.0
alpha_rarefaction_308_2.txt	308	2	61.0	76.0	91.0	48.0	59.0	69.0	109.0	86.0	81.0	64.0	46.0	54.0	92.0	62.0	57.0	77.0	67.0	72.0	56.0	68.0	67.0	71.0	75.0	89.0	65.0	60.0	36.0	55.0	64.0	84.0	54.0	38.0	55.0	63.0	81.0	90.0	66.0	114.0	32.0	68.0	70.0	52.0	65.0	93.0	15.0	94.0	24.0	93.0	44.0	72.0	65.0	80.0	62.0	78.0	46.0	55.0	82.0	46.0	48.0	58.0	64.0	53.0	74.0	74.0	37.0	82.0	92.0	74.0	69.0	70.0	41.0	56.0	87.0	70.0	87.0	76.0	86.0	59.0	62.0	47.0	51.0	101.0	66.0	64.0	68.0	115.0	70.0	72.0	54.0	86.0	71.0	58.0	69.0	71.0
alpha_rarefaction_308_3.txt	308	3	67.0	70.0	71.0	46.0	59.0	60.0	116.0	77.0	78.0	65.0	54.0	58.0	88.0	68.0	52.0	67.0	67.0	79.0	57.0	80.0	72.0	77.0	81.0	73.0	64.0	63.0	34.0	58.0	72.0	79.0	56.0	37.0	59.0	61.0	77.0	85.0	70.0	112.0	37.0	67.0	67.0	58.0	62.0	96.0	16.0	97.0	27.0	92.0	46.0	73.0	64.0	85.0	67.0	76.0	38.0	58.0	79.0	46.0	40.0	63.0	58.0	57.0	70.0	61.0	41.0	75.0	88.0	96.0	80.0	72.0	39.0	64.0	90.0	67.0	79.0	65.0	84.0	68.0	65.0	49.0	49.0	96.0	64.0	70.0	87.0	105.0	76.0	66.0	55.0	88.0	82.0	69.0	76.0	58.0
alpha_rarefaction_308_4.txt	308	4	67.0	74.0	83.0	46.0	59.0	67.0	111.0	85.0	72.0	68.0	51.0	60.0	92.0	75.0	46.0	68.0	60.0	79.0	65.0	65.0	59.0	71.0	85.0	77.0	74.0	58.0	31.0	46.0	73.0	79.0	53.0	37.0	54.0	51.0	90.0	91.0	67.0	116.0	33.0	66.0	69.0	48.0	61.0	97.0	17.0	101.0	28.0	99.0	46.0	62.0	60.0	93.0	69.0	68.0	41.0	50.0	82.0	43.0	49.0	61.0	51.0	61.0	84.0	80.0	42.0	79.0	96.0	92.0	84.0	72.0	40.0	62.0	94.0	73.0	84.0	75.0	94.0	70.0	72.0	52.0	56.0	99.0	70.0	74.0	69.0	119.0	76.0	67.0	56.0	84.0	85.0	60.0	71.0	71.0
alpha_rarefaction_308_5.txt	308	5	67.0	62.0	89.0	48.0	58.0	62.0	119.0	82.0	85.0	73.0	53.0	54.0	94.0	75.0	48.0	72.0	74.0	82.0	62.0	71.0	68.0	66.0	82.0	71.0	70.0	59.0	32.0	61.0	65.0	79.0	51.0	32.0	54.0	63.0	83.0	91.0	61.0	118.0	37.0	60.0	79.0	50.0	64.0	102.0	15.0	96.0	28.0	102.0	43.0	67.0	54.0	87.0	67.0	79.0	45.0	57.0	84.0	45.0	36.0	52.0	58.0	56.0	70.0	69.0	39.0	78.0	103.0	83.0	74.0	79.0	41.0	62.0	77.0	70.0	90.0	71.0	77.0	72.0	65.0	49.0	46.0	97.0	65.0	72.0	80.0	108.0	78.0	69.0	57.0	89.0	78.0	57.0	69.0	70.0
alpha_rarefaction_308_6.txt	308	6	67.0	64.0	78.0	51.0	55.0	70.0	118.0	85.0	78.0	70.0	53.0	55.0	91.0	69.0	50.0	73.0	69.0	75.0	60.0	67.0	68.0	66.0	77.0	73.0	60.0	59.0	33.0	54.0	74.0	76.0	52.0	36.0	52.0	53.0	84.0	92.0	59.0	112.0	34.0	64.0	73.0	54.0	75.0	94.0	19.0	101.0	24.0	100.0	42.0	71.0	59.0	87.0	71.0	67.0	48.0	60.0	79.0	45.0	47.0	51.0	60.0	51.0	72.0	76.0	34.0	71.0	88.0	90.0	79.0	79.0	40.0	53.0	91.0	66.0	93.0	74.0	88.0	65.0	60.0	46.0	48.0	92.0	62.0	71.0	76.0	108.0	71.0	65.0	57.0	92.0	76.0	65.0	63.0	66.0
alpha_rarefaction_308_7.txt	308	7	71.0	68.0	96.0	43.0	55.0	72.0	110.0	84.0	70.0	67.0	51.0	49.0	97.0	64.0	50.0	68.0	70.0	74.0	63.0	74.0	68.0	73.0	73.0	79.0	68.0	58.0	34.0	51.0	73.0	89.0	61.0	30.0	56.0	58.0	82.0	93.0	68.0	109.0	34.0	72.0	72.0	57.0	72.0	98.0	19.0	98.0	26.0	97.0	46.0	66.0	55.0	85.0	70.0	74.0	46.0	56.0	88.0	46.0	41.0	47.0	58.0	62.0	75.0	87.0	35.0	80.0	92.0	77.0	81.0	74.0	39.0	59.0	76.0	68.0	91.0	75.0	92.0	67.0	62.0	49.0	45.0	94.0	77.0	73.0	76.0	114.0	77.0	66.0	46.0	85.0	80.0	60.0	76.0	68.0
alpha_rarefaction_308_8.txt	308	8	76.0	64.0	87.0	45.0	51.0	68.0	125.0	83.0	85.0	70.0	52.0	54.0	86.0	65.0	56.0	71.0	64.0	72.0	66.0	76.0	69.0	63.0	83.0	83.0	76.0	67.0	37.0	56.0	67.0	80.0	54.0	30.0	56.0	56.0	85.0	85.0	64.0	104.0	35.0	73.0	75.0	54.0	64.0	99.0	17.0	87.0	24.0	89.0	42.0	67.0	55.0	79.0	67.0	70.0	52.0	60.0	78.0	44.0	40.0	53.0	51.0	63.0	73.0	76.0	40.0	79.0	96.0	93.0	68.0	68.0	46.0	65.0	87.0	63.0	87.0	76.0	82.0	68.0	63.0	51.0	46.0	90.0	74.0	74.0	71.0	109.0	70.0	61.0	52.0	82.0	79.0	63.0	72.0	62.0
alpha_rarefaction_308_9.txt	308	9	68.0	66.0	83.0	46.0	54.0	69.0	106.0	92.0	76.0	65.0	48.0	51.0	92.0	64.0	55.0	67.0	76.0	79.0	62.0	74.0	65.0	62.0	80.0	77.0	60.0	65.0	36.0	62.0	68.0	81.0	52.0	32.0	49.0	63.0	87.0	82.0	66.0	107.0	26.0	71.0	64.0	47.0	53.0	88.0	13.0	96.0	22.0	107.0	43.0	68.0	61.0	85.0	74.0	69.0	39.0	58.0	79.0	42.0	37.0	57.0	59.0	55.0	77.0	70.0	38.0	81.0	93.0	89.0	77.0	73.0	41.0	63.0	80.0	61.0	84.0	73.0	92.0	67.0	70.0	51.0	50.0	88.0	76.0	71.0	72.0	105.0	78.0	64.0	61.0	87.0	77.0	67.0	72.0	69.0
alpha_rarefaction_457_0.txt	457	0	79.0	79.0	89.0	50.0	70.0	74.0	144.0	101.0	96.0	84.0	62.0	58.0	111.0	86.0	57.0	84.0	93.0	100.0	73.0	83.0	81.0	81.0	95.0	94.0	83.0	75.0	37.0	65.0	75.0	98.0	71.0	52.0	61.0	67.0	96.0	104.0	80.0	137.0	41.0	80.0	87.0	69.0	76.0	119.0	18.0	102.0	26.0	107.0	54.0	77.0	68.0	100.0	80.0	77.0	48.0	71.0	93.0	50.0	49.0	62.0	73.0	65.0	90.0	86.0	42.0	86.0	108.0	113.0	97.0	95.0	44.0	77.0	98.0	87.0	104.0	95.0	104.0	75.0	78.0	61.0	48.0	109.0	73.0	80.0	81.0	132.0	85.0	77.0	58.0	95.0	96.0	80.0	84.0	81.0
alpha_rarefaction_457_1.txt	457	1	79.0	79.0	101.0	51.0	79.0	76.0	140.0	96.0	94.0	90.0	65.0	71.0	96.0	80.0	69.0	84.0	82.0	99.0	62.0	90.0	79.0	70.0	98.0	91.0	78.0	73.0	34.0	66.0	78.0	96.0	66.0	41.0	61.0	66.0	96.0	91.0	78.0	144.0	41.0	67.0	90.0	63.0	67.0	129.0	16.0	113.0	31.0	128.0	56.0	87.0	67.0	93.0	81.0	74.0	51.0	61.0	99.0	54.0	53.0	71.0	66.0	63.0	92.0	77.0	47.0	89.0	117.0	104.0	104.0	88.0	49.0	76.0	108.0	78.0	118.0	93.0	113.0	76.0	70.0	55.0	53.0	111.0	78.0	82.0	91.0	144.0	95.0	79.0	70.0	100.0	96.0	72.0	90.0	85.0
alpha_rarefaction_457_2.txt	457	2	78.0	88.0	104.0	50.0	71.0	85.0	144.0	110.0	81.0	85.0	62.0	59.0	106.0	77.0	54.0	77.0	80.0	95.0	69.0	86.0	83.0	80.0	96.0	96.0	72.0	73.0	38.0	58.0	82.0	97.0	66.0	40.0	68.0	66.0	99.0	106.0	77.0	132.0	38.0	84.0	91.0	66.0	76.0	130.0	17.0	124.0	30.0	131.0	47.0	87.0	68.0	107.0	78.0	86.0	51.0	74.0	88.0	50.0	51.0	59.0	71.0	69.0	92.0	86.0	40.0	91.0	119.0	93.0	94.0	88.0	47.0	75.0	101.0	81.0	110.0	81.0	110.0	80.0	80.0	58.0	55.0	114.0	86.0	80.0	91.0	135.0	95.0	78.0	61.0	101.0	87.0	80.0	93.0	78.0
alpha_rarefaction_457_3.txt	457	3	82.0	83.0	95.0	48.0	72.0	89.0	130.0	105.0	92.0	82.0	60.0	58.0	101.0	81.0	63.0	80.0	86.0	90.0	71.0	86.0	92.0	82.0	93.0	85.0	79.0	73.0	39.0	67.0	79.0	89.0	71.0	46.0	69.0	67.0	112.0	103.0	77.0	127.0	38.0	85.0	90.0	71.0	74.0	117.0	15.0	111.0	30.0	125.0	50.0	82.0	72.0	99.0	80.0	70.0	51.0	72.0	94.0	55.0	51.0	60.0	63.0	75.0	86.0	84.0	49.0	102.0	118.0	110.0	99.0	79.0	45.0	72.0	104.0	80.0	101.0	94.0	101.0	82.0	79.0	59.0	56.0	112.0	78.0	78.0	81.0	129.0	80.0	78.0	66.0	103.0	100.0	78.0	84.0	76.0
alpha_rarefaction_457_4.txt	457	4	83.0	83.0	92.0	53.0	71.0	77.0	145.0	109.0	87.0	83.0	61.0	63.0	101.0	76.0	62.0	83.0	75.0	97.0	79.0	88.0	78.0	80.0	91.0	94.0	88.0	70.0	37.0	68.0	86.0	97.0	67.0	44.0	63.0	71.0	101.0	108.0	74.0	145.0	36.0	84.0	90.0	72.0	72.0	112.0	19.0	117.0	30.0	119.0	47.0	72.0	61.0	91.0	79.0	84.0	48.0	70.0	98.0	54.0	56.0	62.0	64.0	63.0	93.0	85.0	43.0	99.0	117.0	117.0	104.0	98.0	54.0	71.0	104.0	84.0	116.0	86.0	106.0	74.0	71.0	56.0	48.0	112.0	80.0	80.0	92.0	144.0	82.0	68.0	65.0	92.0	93.0	85.0	88.0	85.0
alpha_rarefaction_457_5.txt	457	5	82.0	85.0	87.0	55.0	70.0	78.0	141.0	100.0	89.0	81.0	60.0	57.0	103.0	75.0	61.0	89.0	84.0	92.0	69.0	91.0	78.0	78.0	104.0	102.0	89.0	76.0	34.0	70.0	81.0	91.0	65.0	43.0	61.0	63.0	111.0	104.0	81.0	128.0	42.0	85.0	86.0	62.0	74.0	113.0	16.0	122.0	29.0	126.0	57.0	81.0	63.0	102.0	76.0	82.0	51.0	62.0	94.0	51.0	53.0	64.0	68.0	67.0	95.0	86.0	49.0	108.0	115.0	114.0	102.0	87.0	51.0	75.0	99.0	79.0	105.0	82.0	114.0	74.0	66.0	55.0	56.0	103.0	81.0	84.0	92.0	132.0	85.0	74.0	62.0	96.0	92.0	80.0	80.0	86.0
alpha_rarefaction_457_6.txt	457	6	80.0	79.0	102.0	53.0	71.0	77.0	133.0	102.0	90.0	85.0	59.0	60.0	104.0	73.0	62.0	77.0	75.0	85.0	67.0	92.0	88.0	86.0	106.0	86.0	87.0	76.0	35.0	72.0	80.0	91.0	62.0	40.0	69.0	63.0	97.0	108.0	74.0	143.0	38.0	83.0	83.0	62.0	73.0	121.0	17.0	111.0	32.0	125.0	47.0	78.0	68.0	97.0	78.0	85.0	48.0	68.0	105.0	50.0	62.0	65.0	63.0	70.0	91.0	74.0	44.0	96.0	105.0	104.0	108.0	90.0	49.0	65.0	112.0	75.0	94.0	90.0	93.0	81.0	71.0	52.0	53.0	108.0	80.0	71.0	91.0	127.0	86.0	72.0	66.0	98.0	88.0	81.0	83.0	84.0
alpha_rarefaction_457_7.txt	457	7	88.0	84.0	97.0	50.0	75.0	79.0	147.0	115.0	89.0	79.0	67.0	57.0	106.0	82.0	59.0	82.0	83.0	92.0	75.0	86.0	85.0	74.0	99.0	90.0	73.0	73.0	41.0	67.0	71.0	92.0	75.0	44.0	61.0	67.0	99.0	102.0	73.0	136.0	38.0	89.0	90.0	57.0	72.0	113.0	17.0	109.0	27.0	127.0	56.0	77.0	68.0	100.0	80.0	88.0	49.0	65.0	94.0	52.0	61.0	64.0	66.0	66.0	91.0	85.0	47.0	98.0	114.0	101.0	98.0	93.0	52.0	82.0	111.0	66.0	100.0	89.0	95.0	82.0	79.0	60.0	57.0	117.0	75.0	78.0	91.0	144.0	81.0	72.0	69.0	96.0	105.0	77.0	81.0	81.0
alpha_rarefaction_457_8.txt	457	8	88.0	77.0	101.0	52.0	72.0	78.0	140.0	104.0	88.0	82.0	62.0	61.0	107.0	82.0	66.0	85.0	89.0	95.0	69.0	83.0	80.0	67.0	104.0	86.0	85.0	73.0	39.0	69.0	79.0	84.0	62.0	46.0	57.0	67.0	106.0	105.0	80.0	150.0	36.0	74.0	95.0	54.0	75.0	117.0	21.0	121.0	24.0	126.0	49.0	80.0	72.0	93.0	77.0	85.0	58.0	64.0	96.0	51.0	56.0	63.0	70.0	67.0	93.0	90.0	45.0	86.0	110.0	117.0	97.0	85.0	46.0	63.0	104.0	80.0	107.0	83.0	107.0	84.0	74.0	52.0	62.0	105.0	80.0	78.0	86.0	144.0	79.0	81.0	69.0	96.0	98.0	79.0	76.0	81.0
alpha_rarefaction_457_9.txt	457	9	81.0	82.0	94.0	48.0	68.0	84.0	139.0	104.0	93.0	80.0	60.0	66.0	103.0	73.0	61.0	89.0	79.0	88.0	70.0	85.0	87.0	78.0	99.0	95.0	94.0	79.0	41.0	58.0	87.0	89.0	69.0	45.0	64.0	71.0	94.0	102.0	75.0	140.0	42.0	76.0	91.0	62.0	68.0	120.0	16.0	118.0	26.0	121.0	44.0	85.0	67.0	104.0	82.0	92.0	52.0	73.0	108.0	53.0	52.0	65.0	61.0	68.0	83.0	84.0	45.0	99.0	113.0	105.0	95.0	88.0	52.0	67.0	107.0	76.0	100.0	83.0	105.0	75.0	75.0	58.0	57.0	107.0	79.0	78.0	73.0	136.0	89.0	76.0	67.0	97.0	92.0	77.0	83.0	81.0
alpha_rarefaction_606_0.txt	606	0	97.0	88.0	119.0	60.0	81.0	87.0	153.0	119.0	95.0	89.0	68.0	65.0	118.0	87.0	61.0	83.0	94.0	112.0	98.0	93.0	87.0	91.0	103.0	91.0	88.0	83.0	39.0	73.0	83.0	98.0	77.0	58.0	70.0	78.0	121.0	111.0	83.0	157.0	33.0	90.0	88.0	71.0	94.0	139.0	18.0	124.0	27.0	130.0	55.0	83.0	71.0	114.0	90.0	102.0	55.0	73.0	118.0	56.0	62.0	73.0	78.0	71.0	91.0	101.0	53.0	106.0	132.0	122.0	113.0	87.0	57.0	88.0	120.0	90.0	118.0	100.0	117.0	87.0	88.0	60.0	59.0	130.0	86.0	88.0	98.0	155.0	107.0	95.0	71.0	109.0	112.0	88.0	96.0	83.0
alpha_rarefaction_606_1.txt	606	1	91.0	96.0	110.0	58.0	80.0	90.0	150.0	121.0	100.0	90.0	70.0	71.0	113.0	94.0	72.0	89.0	96.0	93.0	88.0	87.0	94.0	91.0	107.0	101.0	102.0	82.0	41.0	65.0	80.0	101.0	73.0	42.0	74.0	75.0	124.0	120.0	83.0	152.0	44.0	91.0	88.0	75.0	87.0	138.0	16.0	128.0	29.0	134.0	54.0	90.0	71.0	111.0	86.0	98.0	57.0	76.0	108.0	58.0	66.0	67.0	73.0	75.0	100.0	97.0	49.0	107.0	137.0	124.0	116.0	100.0	63.0	79.0	125.0	84.0	124.0	94.0	128.0	96.0	89.0	62.0	66.0	114.0	88.0	85.0	95.0	157.0	109.0	85.0	79.0	111.0	105.0	93.0	92.0	87.0
alpha_rarefaction_606_2.txt	606	2	93.0	99.0	108.0	55.0	84.0	92.0	159.0	110.0	108.0	99.0	71.0	70.0	118.0	82.0	70.0	83.0	80.0	109.0	80.0	91.0	102.0	86.0	117.0	101.0	98.0	86.0	41.0	72.0	86.0	101.0	72.0	42.0	74.0	77.0	114.0	125.0	79.0	169.0	41.0	86.0	91.0	70.0	85.0	144.0	16.0	130.0	30.0	142.0	61.0	91.0	80.0	109.0	86.0	90.0	56.0	76.0	105.0	56.0	55.0	73.0	77.0	69.0	108.0	104.0	42.0	103.0	128.0	123.0	111.0	88.0	53.0	91.0	130.0	87.0	117.0	89.0	134.0	79.0	78.0	66.0	67.0	121.0	82.0	88.0	102.0	163.0	103.0	86.0	77.0	112.0	99.0	88.0	91.0	86.0
alpha_rarefaction_606_3.txt	606	3	87.0	95.0	103.0	52.0	86.0	89.0	156.0	116.0	109.0	92.0	72.0	76.0	109.0	86.0	59.0	94.0	85.0	110.0	80.0	97.0	101.0	91.0	109.0	100.0	91.0	77.0	39.0	71.0	90.0	106.0	73.0	49.0	74.0	74.0	121.0	115.0	90.0	166.0	39.0	85.0	94.0	63.0	86.0	134.0	16.0	132.0	28.0	140.0	60.0	91.0	74.0	113.0	89.0	92.0	54.0	78.0	105.0	49.0	64.0	70.0	70.0	67.0	99.0	103.0	49.0	103.0	118.0	129.0	118.0	93.0	61.0	84.0	117.0	86.0	117.0	99.0	117.0	83.0	83.0	56.0	61.0	120.0	89.0	99.0	93.0	151.0	103.0	88.0	73.0	108.0	111.0	78.0	85.0	92.0
alpha_rarefaction_606_4.txt	606	4	90.0	91.0	109.0	58.0	81.0	95.0	154.0	118.0	113.0	92.0	64.0	67.0	118.0	86.0	62.0	85.0	87.0	103.0	91.0	100.0	93.0	83.0	113.0	105.0	97.0	86.0	37.0	79.0	84.0	108.0	74.0	51.0	68.0	78.0	109.0	117.0	81.0	162.0	48.0	93.0	94.0	67.0	83.0	141.0	16.0	124.0	31.0	137.0	55.0	87.0	76.0	106.0	86.0	85.0	53.0	70.0	118.0	61.0	58.0	74.0	77.0	67.0	99.0	96.0	51.0	112.0	132.0	124.0	109.0	102.0	54.0	77.0	118.0	84.0	126.0	97.0	118.0	93.0	82.0	60.0	61.0	115.0	95.0	80.0	92.0	155.0	104.0	91.0	70.0	122.0	109.0	85.0	98.0	91.0
alpha_rarefaction_606_5.txt	606	5	86.0	89.0	104.0	58.0	86.0	89.0	153.0	124.0	106.0	82.0	73.0	59.0	121.0	79.0	72.0	89.0	90.0	112.0	83.0	87.0	91.0	76.0	114.0	97.0	99.0	85.0	42.0	77.0	93.0	104.0	75.0	55.0	70.0	73.0	118.0	106.0	87.0	148.0	44.0	97.0	86.0	66.0	81.0	138.0	17.0	131.0	33.0	135.0	55.0	90.0	67.0	110.0	85.0	97.0	56.0	66.0	106.0	60.0	57.0	79.0	77.0	73.0	108.0	97.0	48.0	109.0	128.0	117.0	111.0	94.0	57.0	79.0	119.0	93.0	118.0	97.0	125.0	93.0	85.0	56.0	65.0	119.0	87.0	89.0	101.0	153.0	108.0	81.0	69.0	118.0	108.0	90.0	84.0	92.0
alpha_rarefaction_606_6.txt	606	6	88.0	96.0	110.0	57.0	85.0	94.0	161.0	118.0	102.0	92.0	67.0	73.0	110.0	79.0	60.0	88.0	91.0	109.0	87.0	98.0	92.0	89.0	102.0	106.0	89.0	82.0	44.0	75.0	94.0	112.0	78.0	61.0	74.0	77.0	121.0	116.0	85.0	162.0	38.0	98.0	89.0	74.0	90.0	133.0	20.0	133.0	29.0	136.0	52.0	98.0	74.0	113.0	88.0	99.0	62.0	75.0	109.0	53.0	67.0	70.0	76.0	75.0	105.0	96.0	49.0	107.0	127.0	130.0	117.0	91.0	57.0	80.0	125.0	82.0	117.0	91.0	120.0	94.0	83.0	60.0	64.0	122.0	96.0	85.0	97.0	154.0	98.0	85.0	74.0	106.0	103.0	87.0	93.0	93.0
alpha_rarefaction_606_7.txt	606	7	87.0	98.0	106.0	54.0	86.0	94.0	155.0	124.0	98.0	99.0	70.0	74.0	113.0	83.0	68.0	87.0	96.0	107.0	87.0	103.0	102.0	85.0	109.0	107.0	96.0	78.0	41.0	69.0	96.0	100.0	74.0	54.0	69.0	77.0	126.0	114.0	87.0	159.0	45.0	89.0	95.0	69.0	85.0	128.0	19.0	120.0	31.0	132.0	55.0	86.0	75.0	111.0	88.0	98.0	59.0	74.0	107.0	51.0	64.0	68.0	70.0	71.0	108.0	109.0	55.0	113.0	133.0	128.0	115.0	95.0	65.0	80.0	124.0	86.0	116.0	95.0	132.0	90.0	81.0	64.0	61.0	118.0	83.0	86.0	100.0	159.0	108.0	85.0	79.0	109.0	97.0	91.0	93.0	90.0
alpha_rarefaction_606_8.txt	606	8	93.0	89.0	111.0	56.0	85.0	86.0	156.0	115.0	103.0	87.0	76.0	65.0	113.0	77.0	67.0	91.0	92.0	109.0	88.0	89.0	94.0	90.0	103.0	100.0	91.0	79.0	44.0	74.0	90.0	102.0	75.0	53.0	63.0	88.0	125.0	116.0	93.0	156.0	39.0	87.0	99.0	70.0	75.0	135.0	17.0	128.0	32.0	142.0	56.0	96.0	81.0	117.0	81.0	101.0	48.0	74.0	109.0	61.0	64.0	65.0	68.0	72.0	104.0	99.0	54.0	107.0	131.0	113.0	108.0	93.0	52.0	76.0	108.0	92.0	114.0	97.0	113.0	91.0	91.0	59.0	59.0	133.0	99.0	89.0	109.0	162.0	102.0	82.0	75.0	102.0	115.0	85.0	100.0	96.0
alpha_rarefaction_606_9.txt	606	9	97.0	101.0	113.0	51.0	87.0	95.0	164.0	116.0	98.0	99.0	70.0	63.0	115.0	83.0	68.0	88.0	86.0	109.0	82.0	89.0	94.0	89.0	112.0	112.0	95.0	83.0	43.0	67.0	96.0	104.0	74.0	53.0	75.0	74.0	115.0	114.0	89.0	166.0	40.0	96.0	91.0	74.0	88.0	138.0	19.0	131.0	29.0	136.0	54.0	95.0	77.0	112.0	90.0	93.0	54.0	82.0	113.0	56.0	64.0	70.0	71.0	78.0	105.0	93.0	46.0	94.0	136.0	128.0	120.0	95.0	58.0	79.0	116.0	91.0	122.0	98.0	118.0	86.0	78.0	65.0	64.0	126.0	92.0	93.0	90.0	165.0	102.0	91.0	81.0	114.0	100.0	86.0	96.0	93.0
alpha_rarefaction_755_0.txt	755	0	94.0	99.0	122.0	62.0	98.0	102.0	168.0	126.0	113.0	108.0	80.0	78.0	115.0	87.0	73.0	101.0	108.0	112.0	90.0	102.0	98.0	95.0	117.0	108.0	98.0	82.0	43.0	80.0	101.0	114.0	82.0	63.0	76.0	83.0	124.0	124.0	93.0	173.0	42.0	103.0	96.0	73.0	92.0	151.0	20.0	145.0	34.0	161.0	56.0	94.0	83.0	112.0	95.0	109.0	59.0	84.0	125.0	62.0	68.0	79.0	81.0	79.0	108.0	106.0	53.0	113.0	142.0	134.0	129.0	105.0	57.0	83.0	126.0	91.0	120.0	100.0	115.0	104.0	87.0	67.0	66.0	130.0	93.0	92.0	97.0	174.0	115.0	100.0	83.0	124.0	117.0	89.0	107.0	91.0
alpha_rarefaction_755_1.txt	755	1	91.0	100.0	115.0	66.0	100.0	93.0	175.0	127.0	115.0	107.0	73.0	74.0	121.0	90.0	75.0	89.0	111.0	123.0	91.0	114.0	96.0	105.0	116.0	115.0	98.0	80.0	43.0	89.0	92.0	113.0	88.0	55.0	76.0	82.0	133.0	124.0	80.0	181.0	43.0	94.0	109.0	70.0	88.0	151.0	19.0	135.0	38.0	150.0	63.0	97.0	76.0	114.0	91.0	103.0	58.0	78.0	116.0	62.0	75.0	73.0	79.0	75.0	109.0	107.0	55.0	107.0	134.0	132.0	125.0	102.0	58.0	88.0	132.0	101.0	135.0	102.0	144.0	96.0	84.0	71.0	67.0	135.0	94.0	99.0	110.0	172.0	109.0	93.0	82.0	116.0	120.0	94.0	106.0	102.0
alpha_rarefaction_755_2.txt	755	2	94.0	104.0	118.0	63.0	95.0	110.0	181.0	138.0	120.0	95.0	73.0	75.0	122.0	98.0	78.0	90.0	88.0	120.0	97.0	107.0	106.0	97.0	111.0	115.0	108.0	86.0	48.0	80.0	101.0	117.0	73.0	55.0	78.0	88.0	135.0	141.0	95.0	174.0	48.0	94.0	107.0	73.0	84.0	156.0	17.0	148.0	26.0	139.0	62.0	95.0	78.0	110.0	87.0	103.0	69.0	84.0	119.0	61.0	74.0	75.0	85.0	87.0	112.0	106.0	51.0	111.0	140.0	127.0	114.0	106.0	61.0	80.0	133.0	100.0	136.0	105.0	135.0	96.0	97.0	72.0	70.0	139.0	87.0	95.0	103.0	182.0	112.0	86.0	81.0	120.0	116.0	107.0	100.0	94.0
alpha_rarefaction_755_3.txt	755	3	100.0	93.0	111.0	62.0	95.0	88.0	161.0	131.0	120.0	99.0	78.0	75.0	120.0	87.0	85.0	94.0	103.0	120.0	91.0	103.0	92.0	93.0	114.0	119.0	100.0	83.0	44.0	81.0	92.0	114.0	77.0	62.0	77.0	89.0	134.0	133.0	100.0	177.0	46.0	99.0	97.0	72.0	88.0	143.0	19.0	137.0	34.0	157.0	65.0	89.0	85.0	114.0	96.0	102.0	62.0	78.0	113.0	66.0	71.0	77.0	78.0	74.0	115.0	108.0	50.0	126.0	148.0	136.0	120.0	101.0	65.0	90.0	126.0	93.0	134.0	94.0	135.0	104.0	86.0	62.0	65.0	136.0	99.0	98.0	105.0	166.0	108.0	99.0	85.0	113.0	112.0	88.0	113.0	101.0
alpha_rarefaction_755_4.txt	755	4	98.0	99.0	113.0	63.0	105.0	87.0	165.0	131.0	112.0	107.0	85.0	74.0	129.0	89.0	81.0	90.0	92.0	117.0	86.0	108.0	100.0	93.0	116.0	114.0	110.0	85.0	44.0	83.0	93.0	116.0	82.0	53.0	69.0	92.0	132.0	127.0	101.0	171.0	44.0	100.0	97.0	76.0	96.0	143.0	20.0	142.0	29.0	152.0	62.0	95.0	81.0	117.0	93.0	102.0	61.0	76.0	120.0	64.0	73.0	81.0	82.0	81.0	112.0	107.0	45.0	118.0	137.0	147.0	111.0	113.0	55.0	85.0	140.0	90.0	131.0	99.0	136.0	97.0	89.0	64.0	67.0	124.0	90.0	95.0	112.0	171.0	112.0	84.0	86.0	113.0	106.0	87.0	100.0	101.0
alpha_rarefaction_755_5.txt	755	5	99.0	104.0	120.0	60.0	79.0	93.0	172.0	124.0	120.0	100.0	92.0	74.0	130.0	93.0	80.0	93.0	96.0	116.0	88.0	97.0	104.0	92.0	119.0	117.0	108.0	82.0	44.0	80.0	94.0	108.0	83.0	61.0	68.0	86.0	115.0	127.0	93.0	168.0	44.0	97.0	97.0	77.0	96.0	157.0	17.0	139.0	30.0	159.0	60.0	96.0	79.0	111.0	94.0	111.0	68.0	82.0	115.0	59.0	80.0	76.0	79.0	79.0	110.0	103.0	56.0	126.0	140.0	124.0	136.0	108.0	67.0	87.0	138.0	102.0	144.0	95.0	130.0	102.0	91.0	59.0	62.0	140.0	95.0	97.0	108.0	180.0	105.0	88.0	87.0	117.0	113.0	103.0	112.0	100.0
alpha_rarefaction_755_6.txt	755	6	100.0	95.0	118.0	59.0	100.0	102.0	178.0	128.0	112.0	103.0	75.0	68.0	122.0	91.0	70.0	92.0	106.0	122.0	96.0	98.0	107.0	97.0	121.0	110.0	109.0	86.0	41.0	81.0	96.0	108.0	83.0	63.0	75.0	93.0	136.0	130.0	93.0	181.0	48.0	92.0	101.0	75.0	90.0	150.0	20.0	152.0	26.0	157.0	61.0	99.0	82.0	109.0	99.0	102.0	58.0	89.0	117.0	68.0	71.0	78.0	74.0	81.0	110.0	101.0	53.0	117.0	148.0	122.0	135.0	102.0	68.0	99.0	145.0	101.0	139.0	103.0	138.0	96.0	87.0	64.0	67.0	125.0	90.0	90.0	113.0	172.0	108.0	91.0	80.0	116.0	114.0	102.0	105.0	99.0
alpha_rarefaction_755_7.txt	755	7	90.0	105.0	123.0	59.0	92.0	103.0	171.0	126.0	119.0	106.0	81.0	74.0	120.0	93.0	70.0	95.0	95.0	119.0	86.0	102.0	100.0	97.0	120.0	111.0	113.0	83.0	47.0	82.0	97.0	107.0	79.0	56.0	74.0	81.0	124.0	123.0	96.0	173.0	41.0	95.0	103.0	73.0	88.0	149.0	19.0	150.0	31.0	158.0	53.0	100.0	84.0	125.0	85.0	105.0	57.0	72.0	122.0	67.0	72.0	77.0	83.0	75.0	110.0	110.0	47.0	112.0	144.0	141.0	124.0	103.0	65.0	91.0	132.0	93.0	122.0	108.0	129.0	92.0	91.0	66.0	66.0	128.0	96.0	92.0	106.0	168.0	103.0	90.0	68.0	121.0	129.0	97.0	106.0	98.0
alpha_rarefaction_755_8.txt	755	8	96.0	104.0	113.0	66.0	93.0	99.0	177.0	123.0	124.0	100.0	77.0	80.0	114.0	87.0	74.0	94.0	101.0	116.0	95.0	100.0	110.0	96.0	114.0	110.0	113.0	82.0	43.0	72.0	90.0	108.0	80.0	56.0	81.0	86.0	131.0	127.0	102.0	174.0	51.0	104.0	97.0	81.0	89.0	135.0	20.0	132.0	31.0	154.0	57.0	97.0	72.0	117.0	91.0	107.0	61.0	72.0	117.0	61.0	72.0	71.0	78.0	78.0	112.0	107.0	50.0	113.0	147.0	125.0	135.0	99.0	59.0	86.0	132.0	103.0	132.0	94.0	138.0	98.0	96.0	66.0	73.0	133.0	89.0	101.0	108.0	164.0	102.0	95.0	81.0	118.0	116.0	97.0	101.0	93.0
alpha_rarefaction_755_9.txt	755	9	106.0	101.0	124.0	65.0	95.0	100.0	170.0	125.0	114.0	101.0	80.0	77.0	123.0	89.0	72.0	93.0	102.0	121.0	86.0	104.0	99.0	90.0	113.0	109.0	107.0	84.0	43.0	88.0	105.0	104.0	78.0	57.0	79.0	80.0	129.0	132.0	93.0	178.0	43.0	99.0	99.0	72.0	92.0	141.0	16.0	150.0	35.0	154.0	67.0	89.0	75.0	117.0	97.0	100.0	67.0	69.0	111.0	63.0	77.0	74.0	80.0	80.0	108.0	114.0	59.0	109.0	146.0	127.0	127.0	109.0	61.0	93.0	136.0	98.0	127.0	100.0	131.0	102.0	93.0	64.0	69.0	136.0	100.0	98.0	116.0	174.0	111.0	86.0	81.0	121.0	117.0	97.0	107.0	105.0
alpha_rarefaction_904_0.txt	904	0	115.0	101.0	130.0	69.0	103.0	96.0	178.0	140.0	119.0	118.0	80.0	79.0	120.0	98.0	84.0	100.0	116.0	127.0	94.0	101.0	106.0	102.0	120.0	113.0	108.0	94.0	44.0	86.0	108.0	117.0	88.0	59.0	82.0	91.0	146.0	137.0	103.0	188.0	50.0	102.0	106.0	83.0	95.0	155.0	20.0	150.0	30.0	169.0	66.0	102.0	82.0	121.0	97.0	115.0	60.0	81.0	122.0	69.0	82.0	77.0	80.0	82.0	120.0	120.0	58.0	115.0	166.0	148.0	135.0	106.0	76.0	92.0	140.0	103.0	143.0	99.0	144.0	95.0	100.0	70.0	67.0	142.0	102.0	100.0	111.0	179.0	113.0	95.0	87.0	124.0	126.0	100.0	104.0	102.0
alpha_rarefaction_904_1.txt	904	1	109.0	112.0	128.0	67.0	95.0	104.0	180.0	142.0	127.0	106.0	79.0	79.0	136.0	95.0	83.0	96.0	107.0	131.0	103.0	110.0	115.0	97.0	133.0	119.0	111.0	88.0	48.0	80.0	105.0	121.0	82.0	66.0	81.0	93.0	156.0	131.0	99.0	182.0	55.0	109.0	109.0	84.0	97.0	161.0	18.0	152.0	36.0	168.0	64.0	100.0	91.0	126.0	97.0	107.0	71.0	85.0	133.0	67.0	76.0	80.0	85.0	82.0	117.0	122.0	59.0	122.0	156.0	140.0	135.0	106.0	66.0	90.0	146.0	104.0	142.0	106.0	149.0	105.0	94.0	66.0	67.0	143.0	111.0	105.0	112.0	186.0	111.0	101.0	83.0	131.0	128.0	103.0	117.0	97.0
alpha_rarefaction_904_2.txt	904	2	109.0	104.0	118.0	66.0	103.0	97.0	177.0	139.0	117.0	115.0	77.0	80.0	123.0	105.0	81.0	96.0	105.0	131.0	105.0	113.0	110.0	98.0	124.0	121.0	109.0	97.0	45.0	99.0	100.0	114.0	84.0	64.0	90.0	90.0	139.0	126.0	97.0	197.0	50.0	108.0	107.0	87.0	95.0	164.0	19.0	148.0	34.0	166.0	67.0	96.0	90.0	125.0	92.0	109.0	67.0	87.0	129.0	73.0	80.0	90.0	81.0	84.0	118.0	113.0	60.0	129.0	152.0	144.0	137.0	106.0	66.0	91.0	144.0	110.0	141.0	100.0	142.0	101.0	92.0	70.0	70.0	145.0	98.0	98.0	114.0	196.0	120.0	104.0	87.0	129.0	118.0	103.0	115.0	101.0
alpha_rarefaction_904_3.txt	904	3	101.0	116.0	126.0	66.0	110.0	102.0	180.0	127.0	133.0	109.0	73.0	73.0	131.0	99.0	73.0	99.0	109.0	128.0	102.0	112.0	109.0	102.0	133.0	118.0	110.0	95.0	50.0	87.0	108.0	121.0	87.0	58.0	80.0	93.0	147.0	140.0	111.0	180.0	48.0	107.0	108.0	77.0	100.0	153.0	22.0	152.0	36.0	155.0	63.0	106.0	89.0	124.0	102.0	104.0	65.0	85.0	135.0	67.0	75.0	81.0	83.0	79.0	119.0	112.0	55.0	128.0	160.0	142.0	136.0	108.0	69.0	93.0	138.0	113.0	149.0	106.0	142.0	91.0	89.0	71.0	66.0	137.0	100.0	99.0	117.0	189.0	114.0	98.0	85.0	124.0	126.0	101.0	122.0	104.0
alpha_rarefaction_904_4.txt	904	4	104.0	104.0	121.0	64.0	95.0	111.0	193.0	144.0	117.0	111.0	79.0	80.0	124.0	97.0	80.0	94.0	113.0	140.0	105.0	106.0	114.0	94.0	122.0	122.0	116.0	86.0	49.0	87.0	101.0	121.0	88.0	66.0	79.0	86.0	157.0	134.0	106.0	189.0	48.0	106.0	106.0	80.0	91.0	159.0	21.0	152.0	33.0	148.0	58.0	99.0	92.0	121.0	101.0	111.0	72.0	88.0	128.0	67.0	83.0	76.0	89.0	81.0	116.0	112.0	64.0	123.0	160.0	159.0	131.0	104.0	65.0	95.0	138.0	105.0	146.0	106.0	141.0	110.0	92.0	70.0	73.0	145.0	102.0	104.0	113.0	191.0	120.0	87.0	84.0	122.0	128.0	117.0	99.0	103.0
alpha_rarefaction_904_5.txt	904	5	113.0	111.0	122.0	61.0	98.0	108.0	189.0	143.0	118.0	104.0	85.0	81.0	131.0	104.0	69.0	105.0	113.0	128.0	93.0	109.0	113.0	94.0	128.0	123.0	102.0	94.0	43.0	89.0	95.0	118.0	87.0	71.0	80.0	91.0	149.0	137.0	98.0	183.0	48.0	101.0	106.0	82.0	100.0	172.0	18.0	147.0	34.0	171.0	66.0	96.0	81.0	130.0	99.0	107.0	66.0	85.0	116.0	69.0	79.0	89.0	86.0	84.0	121.0	125.0	60.0	126.0	155.0	144.0	145.0	108.0	74.0	90.0	141.0	109.0	135.0	107.0	141.0	93.0	100.0	68.0	67.0	137.0	104.0	94.0	115.0	187.0	116.0	101.0	83.0	129.0	123.0	98.0	109.0	107.0
alpha_rarefaction_904_6.txt	904	6	108.0	112.0	123.0	66.0	109.0	104.0	186.0	136.0	120.0	114.0	84.0	80.0	127.0	94.0	80.0	97.0	103.0	123.0	88.0	128.0	106.0	101.0	129.0	119.0	115.0	88.0	50.0	91.0	105.0	112.0	83.0	64.0	84.0	86.0	143.0	136.0	99.0	193.0	54.0	104.0	109.0	82.0	98.0	168.0	17.0	155.0	37.0	166.0	61.0	101.0	80.0	121.0	95.0	110.0	71.0	84.0	112.0	68.0	77.0	86.0	83.0	83.0	118.0	113.0	61.0	126.0	164.0	141.0	134.0	113.0	70.0	92.0	141.0	107.0	147.0	93.0	139.0	108.0	99.0	69.0	67.0	144.0	97.0	98.0	108.0	188.0	111.0	96.0	85.0	118.0	126.0	102.0	112.0	97.0
alpha_rarefaction_904_7.txt	904	7	99.0	110.0	135.0	67.0	98.0	106.0	183.0	135.0	118.0	102.0	75.0	71.0	126.0	95.0	80.0	101.0	107.0	127.0	103.0	117.0	101.0	101.0	129.0	115.0	109.0	92.0	44.0	90.0	109.0	114.0	84.0	59.0	84.0	89.0	139.0	122.0	114.0	182.0	50.0	97.0	110.0	83.0	99.0	158.0	21.0	138.0	29.0	155.0	68.0	100.0	86.0	129.0	93.0	107.0	71.0	90.0	122.0	63.0	80.0	82.0	86.0	87.0	129.0	111.0	55.0	116.0	162.0	141.0	147.0	116.0	66.0	100.0	148.0	112.0	148.0	108.0	141.0	102.0	96.0	73.0	77.0	143.0	97.0	105.0	110.0	194.0	117.0	98.0	77.0	127.0	117.0	97.0	115.0	113.0
alpha_rarefaction_904_8.txt	904	8	99.0	108.0	115.0	67.0	110.0	115.0	197.0	144.0	123.0	107.0	79.0	76.0	131.0	98.0	69.0	97.0	108.0	132.0	94.0	114.0	109.0	101.0	122.0	122.0	120.0	99.0	49.0	91.0	98.0	123.0	82.0	65.0	88.0	98.0	140.0	135.0	105.0	185.0	47.0	108.0	111.0	86.0	101.0	154.0	21.0	155.0	36.0	156.0	60.0	106.0	83.0	118.0	95.0	109.0	65.0	91.0	129.0	69.0	81.0	75.0	86.0	76.0	120.0	116.0	55.0	126.0	149.0	138.0	138.0	108.0	75.0	97.0	137.0	102.0	151.0	105.0	140.0	116.0	94.0	73.0	68.0	137.0	104.0	91.0	121.0	186.0	110.0	98.0	85.0	130.0	122.0	102.0	108.0	108.0
alpha_rarefaction_904_9.txt	904	9	100.0	108.0	133.0	67.0	99.0	96.0	193.0	138.0	122.0	103.0	77.0	74.0	130.0	99.0	75.0	94.0	103.0	120.0	105.0	107.0	106.0	101.0	128.0	116.0	103.0	89.0	45.0	90.0	105.0	122.0	87.0	66.0	82.0	91.0	133.0	136.0	99.0	185.0	50.0	116.0	103.0	75.0	94.0	162.0	19.0	152.0	36.0	167.0	65.0	103.0	85.0	123.0	97.0	112.0	69.0	95.0	120.0	64.0	76.0	81.0	88.0	81.0	126.0	119.0	58.0	120.0	141.0	137.0	143.0	117.0	67.0	103.0	148.0	102.0	150.0	104.0	137.0	94.0	94.0	67.0	69.0	140.0	101.0	92.0	114.0	193.0	117.0	96.0	86.0	129.0	129.0	102.0	115.0	98.0
alpha_rarefaction_1053_0.txt	1053	0	114.0	116.0	130.0	66.0	99.0	118.0	199.0	147.0	131.0	107.0	82.0	77.0	138.0	101.0	80.0	99.0	111.0	138.0	103.0	133.0	125.0	107.0	128.0	117.0	126.0	93.0	48.0	94.0	103.0	120.0	88.0	70.0	89.0	97.0	155.0	152.0	108.0	203.0	54.0	109.0	118.0	83.0	98.0	166.0	22.0	157.0	32.0	175.0	67.0	105.0	86.0	122.0	104.0	108.0	67.0	91.0	139.0	63.0	87.0	86.0	96.0	86.0	129.0	121.0	70.0	134.0	172.0	158.0	154.0	113.0	78.0	100.0	159.0	101.0	150.0	112.0	145.0	106.0	100.0	72.0	72.0	151.0	113.0	102.0	123.0	188.0	128.0	105.0	91.0	134.0	137.0	104.0	120.0	113.0
alpha_rarefaction_1053_1.txt	1053	1	110.0	117.0	131.0	66.0	120.0	111.0	190.0	135.0	134.0	107.0	83.0	82.0	144.0	111.0	82.0	100.0	111.0	141.0	99.0	125.0	121.0	98.0	130.0	125.0	117.0	96.0	51.0	89.0	117.0	124.0	84.0	70.0	89.0	96.0	152.0	138.0	105.0	207.0	52.0	108.0	115.0	93.0	102.0	179.0	21.0	168.0	38.0	182.0	65.0	106.0	95.0	128.0	96.0	113.0	73.0	89.0	136.0	70.0	85.0	85.0	89.0	84.0	125.0	115.0	60.0	135.0	173.0	156.0	147.0	115.0	80.0	100.0	153.0	105.0	149.0	106.0	151.0	106.0	95.0	74.0	81.0	150.0	105.0	102.0	126.0	205.0	121.0	101.0	92.0	134.0	138.0	103.0	116.0	106.0
alpha_rarefaction_1053_2.txt	1053	2	120.0	115.0	131.0	68.0	116.0	108.0	185.0	144.0	133.0	116.0	90.0	83.0	137.0	107.0	83.0	92.0	109.0	143.0	106.0	119.0	116.0	102.0	128.0	124.0	126.0	94.0	48.0	100.0	115.0	122.0	84.0	64.0	87.0	99.0	159.0	133.0	106.0	199.0	48.0	107.0	116.0	84.0	97.0	179.0	19.0	154.0	32.0	181.0	65.0	103.0	87.0	122.0	100.0	121.0	73.0	86.0	126.0	69.0	81.0	86.0	88.0	83.0	119.0	126.0	65.0	134.0	167.0	158.0	145.0	114.0	69.0	101.0	148.0	112.0	149.0	110.0	155.0	105.0	92.0	80.0	73.0	146.0	115.0	102.0	115.0	194.0	123.0	100.0	81.0	135.0	137.0	96.0	116.0	105.0
alpha_rarefaction_1053_3.txt	1053	3	118.0	112.0	125.0	61.0	110.0	94.0	197.0	148.0	127.0	112.0	80.0	85.0	144.0	103.0	83.0	104.0	119.0	125.0	108.0	109.0	114.0	104.0	139.0	119.0	125.0	91.0	47.0	92.0	118.0	119.0	93.0	69.0	84.0	91.0	155.0	146.0	108.0	203.0	50.0	110.0	111.0	85.0	106.0	170.0	18.0	161.0	34.0	166.0	62.0	102.0	92.0	129.0	99.0	112.0	72.0	84.0	123.0	65.0	92.0	90.0	91.0	87.0	126.0	125.0	59.0	135.0	169.0	159.0	161.0	114.0	77.0	104.0	150.0	108.0	158.0	115.0	154.0	119.0	94.0	74.0	80.0	152.0	109.0	100.0	116.0	204.0	121.0	112.0	88.0	134.0	130.0	109.0	117.0	99.0
alpha_rarefaction_1053_4.txt	1053	4	110.0	110.0	134.0	70.0	110.0	118.0	195.0	150.0	127.0	118.0	90.0	84.0	133.0	96.0	72.0	103.0	110.0	133.0	106.0	123.0	114.0	100.0	129.0	125.0	125.0	97.0	44.0	97.0	114.0	132.0	90.0	70.0	84.0	101.0	160.0	140.0	109.0	195.0	46.0	108.0	106.0	84.0	98.0	174.0	19.0	162.0	43.0	182.0	64.0	108.0	89.0	124.0	104.0	119.0	72.0	91.0	129.0	65.0	78.0	83.0	86.0	88.0	125.0	131.0	62.0	130.0	165.0	163.0	159.0	110.0	82.0	98.0	161.0	107.0	145.0	110.0	150.0	105.0	97.0	71.0	77.0	143.0	106.0	103.0	126.0	193.0	123.0	105.0	95.0	135.0	119.0	109.0	131.0	104.0
alpha_rarefaction_1053_5.txt	1053	5	115.0	111.0	139.0	65.0	106.0	114.0	199.0	145.0	131.0	119.0	91.0	69.0	143.0	102.0	75.0	102.0	118.0	135.0	99.0	118.0	115.0	108.0	124.0	120.0	110.0	97.0	46.0	90.0	115.0	123.0	93.0	63.0	81.0	102.0	157.0	134.0	108.0	198.0	51.0	111.0	112.0	89.0	104.0	177.0	19.0	159.0	38.0	181.0	62.0	104.0	89.0	127.0	99.0	119.0	72.0	95.0	143.0	61.0	78.0	83.0	87.0	89.0	125.0	112.0	57.0	130.0	166.0	158.0	142.0	117.0	71.0	104.0	159.0	109.0	150.0	111.0	153.0	113.0	97.0	70.0	72.0	147.0	108.0	101.0	120.0	193.0	120.0	106.0	92.0	132.0	126.0	106.0	115.0	111.0
alpha_rarefaction_1053_6.txt	1053	6	110.0	114.0	138.0	67.0	124.0	117.0	195.0	155.0	131.0	117.0	81.0	78.0	130.0	96.0	80.0	103.0	118.0	134.0	102.0	122.0	109.0	105.0	124.0	122.0	125.0	96.0	49.0	96.0	107.0	124.0	91.0	69.0	83.0	98.0	153.0	138.0	100.0	209.0	50.0	114.0	115.0	87.0	100.0	185.0	21.0	151.0	38.0	175.0	63.0	96.0	91.0	124.0	99.0	116.0	66.0	94.0	135.0	63.0	83.0	87.0	91.0	83.0	132.0	125.0	60.0	135.0	169.0	155.0	141.0	114.0	67.0	102.0	140.0	117.0	158.0	114.0	151.0	110.0	94.0	65.0	78.0	150.0	109.0	97.0	127.0	204.0	119.0	110.0	90.0	132.0	127.0	111.0	116.0	106.0
alpha_rarefaction_1053_7.txt	1053	7	123.0	119.0	126.0	67.0	111.0	104.0	197.0	149.0	132.0	116.0	83.0	82.0	134.0	98.0	96.0	98.0	121.0	125.0	109.0	133.0	117.0	106.0	128.0	115.0	122.0	94.0	45.0	94.0	110.0	128.0	89.0	74.0	87.0	99.0	164.0	141.0	103.0	217.0	50.0	111.0	107.0	86.0	107.0	179.0	19.0	157.0	33.0	178.0	67.0	91.0	95.0	126.0	97.0	110.0	66.0	91.0	136.0	63.0	94.0	85.0	89.0	81.0	126.0	117.0	60.0	138.0	168.0	159.0	145.0	113.0	72.0	94.0	163.0	116.0	134.0	112.0	164.0	118.0	93.0	74.0	78.0	151.0	106.0	101.0	123.0	193.0	123.0	107.0	95.0	132.0	134.0	108.0	118.0	107.0
alpha_rarefaction_1053_8.txt	1053	8	119.0	119.0	130.0	68.0	121.0	103.0	202.0	139.0	131.0	119.0	86.0	79.0	133.0	100.0	76.0	102.0	116.0	139.0	104.0	117.0	107.0	106.0	135.0	125.0	121.0	89.0	47.0	95.0	110.0	129.0	90.0	72.0	95.0	96.0	147.0	140.0	112.0	200.0	50.0	109.0	114.0	89.0	108.0	170.0	23.0	166.0	37.0	174.0	68.0	102.0	89.0	130.0	102.0	118.0	70.0	81.0	133.0	67.0	84.0	81.0	85.0	89.0	119.0	123.0	63.0	125.0	163.0	160.0	152.0	107.0	62.0	111.0	147.0	102.0	154.0	112.0	152.0	111.0	98.0	80.0	72.0	146.0	106.0	97.0	121.0	201.0	112.0	102.0	91.0	130.0	127.0	108.0	118.0	109.0
alpha_rarefaction_1053_9.txt	1053	9	117.0	116.0	133.0	60.0	115.0	102.0	188.0	147.0	119.0	115.0	91.0	76.0	133.0	102.0	82.0	99.0	113.0	129.0	106.0	121.0	126.0	105.0	127.0	123.0	121.0	99.0	50.0	96.0	105.0	126.0	87.0	71.0	92.0	89.0	155.0	138.0	111.0	192.0	47.0	96.0	114.0	81.0	103.0	174.0	18.0	163.0	35.0	175.0	67.0	108.0	98.0	127.0	102.0	113.0	73.0	91.0	135.0	68.0	83.0	86.0	78.0	83.0	119.0	129.0	63.0	136.0	167.0	150.0	150.0	111.0	75.0	103.0	154.0	110.0	158.0	115.0	161.0	111.0	106.0	72.0	72.0	148.0	112.0	104.0	121.0	202.0	115.0	112.0	91.0	133.0	122.0	105.0	108.0	110.0
alpha_rarefaction_1202_0.txt	1202	0	125.0	126.0	134.0	76.0	109.0	112.0	212.0	154.0	137.0	124.0	88.0	89.0	140.0	108.0	92.0	103.0	111.0	154.0	115.0	142.0	133.0	108.0	138.0	128.0	119.0	102.0	48.0	102.0	116.0	126.0	97.0	74.0	91.0	99.0	156.0	148.0	114.0	209.0	52.0	105.0	126.0	91.0	116.0	186.0	20.0	165.0	35.0	180.0	68.0	107.0	89.0	132.0	102.0	122.0	73.0	98.0	127.0	69.0	94.0	89.0	98.0	79.0	137.0	124.0	67.0	132.0	171.0	151.0	150.0	113.0	91.0	106.0	172.0	111.0	149.0	120.0	156.0	114.0	100.0	72.0	73.0	154.0	110.0	115.0	128.0	213.0	134.0	99.0	88.0	136.0	141.0	113.0	127.0	111.0
alpha_rarefaction_1202_1.txt	1202	1	115.0	121.0	137.0	74.0	124.0	112.0	192.0	154.0	138.0	119.0	92.0	85.0	143.0	101.0	91.0	102.0	126.0	138.0	104.0	123.0	119.0	105.0	131.0	130.0	120.0	95.0	46.0	92.0	117.0	134.0	93.0	71.0	88.0	103.0	167.0	149.0	101.0	214.0	54.0	118.0	124.0	97.0	110.0	198.0	25.0	151.0	35.0	184.0	66.0	112.0	86.0	132.0	100.0	128.0	74.0	91.0	141.0	71.0	97.0	89.0	91.0	77.0	123.0	121.0	66.0	139.0	171.0	171.0	157.0	109.0	85.0	113.0	161.0	122.0	158.0	108.0	155.0	115.0	103.0	74.0	75.0	164.0	117.0	114.0	137.0	214.0	130.0	104.0	94.0	136.0	144.0	111.0	126.0	119.0
alpha_rarefaction_1202_2.txt	1202	2	116.0	119.0	134.0	72.0	124.0	114.0	206.0	157.0	135.0	125.0	87.0	83.0	144.0	115.0	88.0	107.0	127.0	152.0	103.0	136.0	130.0	113.0	146.0	138.0	116.0	97.0	47.0	107.0	117.0	131.0	93.0	71.0	92.0	105.0	153.0	149.0	109.0	208.0	55.0	116.0	118.0	93.0	114.0	178.0	17.0	162.0	34.0	190.0	72.0	103.0	89.0	131.0	102.0	123.0	76.0	96.0	138.0	63.0	93.0	92.0	91.0	83.0	132.0	119.0	63.0	139.0	175.0	173.0	155.0	117.0	74.0	104.0	154.0	116.0	162.0	115.0	153.0	119.0	98.0	73.0	81.0	153.0	111.0	108.0	136.0	196.0	123.0	109.0	95.0	135.0	141.0	104.0	134.0	112.0
alpha_rarefaction_1202_3.txt	1202	3	113.0	117.0	137.0	70.0	117.0	106.0	201.0	160.0	140.0	117.0	82.0	86.0	145.0	103.0	86.0	106.0	119.0	141.0	105.0	124.0	124.0	109.0	138.0	132.0	137.0	99.0	44.0	101.0	108.0	126.0	94.0	83.0	90.0	106.0	168.0	156.0	115.0	204.0	54.0	108.0	119.0	90.0	108.0	176.0	21.0	162.0	39.0	178.0	64.0	106.0	89.0	133.0	99.0	120.0	73.0	102.0	147.0	67.0	92.0	83.0	89.0	85.0	136.0	126.0	60.0	132.0	171.0	166.0	149.0	125.0	82.0	105.0	154.0	114.0	150.0	128.0	159.0	113.0	97.0	74.0	80.0	156.0	109.0	105.0	126.0	206.0	132.0	113.0	90.0	136.0	132.0	110.0	121.0	111.0
alpha_rarefaction_1202_4.txt	1202	4	117.0	123.0	129.0	73.0	119.0	115.0	206.0	161.0	139.0	119.0	89.0	87.0	139.0	109.0	87.0	100.0	119.0	140.0	108.0	127.0	120.0	108.0	130.0	126.0	113.0	94.0	49.0	104.0	115.0	125.0	92.0	69.0	93.0	92.0	161.0	149.0	115.0	214.0	51.0	119.0	114.0	94.0	101.0	195.0	21.0	172.0	33.0	183.0	72.0	117.0	95.0	131.0	103.0	119.0	72.0	92.0	129.0	73.0	94.0	87.0	91.0	80.0	116.0	139.0	63.0	131.0	169.0	161.0	166.0	119.0	82.0	102.0	163.0	116.0	154.0	115.0	155.0	119.0	97.0	72.0	80.0	151.0	110.0	101.0	133.0	220.0	132.0	107.0	98.0	138.0	148.0	106.0	131.0	107.0
alpha_rarefaction_1202_5.txt	1202	5	118.0	129.0	135.0	70.0	122.0	118.0	198.0	155.0	139.0	130.0	90.0	81.0	146.0	104.0	91.0	104.0	131.0	150.0	102.0	126.0	117.0	107.0	143.0	137.0	134.0	96.0	51.0	96.0	116.0	134.0	92.0	74.0	95.0	100.0	164.0	135.0	113.0	201.0	51.0	121.0	121.0	93.0	106.0	195.0	21.0	166.0	31.0	180.0	66.0	107.0	92.0	134.0	104.0	124.0	70.0	89.0	130.0	69.0	94.0	86.0	92.0	83.0	129.0	130.0	68.0	141.0	170.0	173.0	156.0	119.0	85.0	106.0	153.0	120.0	168.0	109.0	154.0	125.0	111.0	78.0	81.0	162.0	111.0	112.0	126.0	213.0	131.0	106.0	92.0	140.0	135.0	104.0	133.0	116.0
alpha_rarefaction_1202_6.txt	1202	6	118.0	111.0	143.0	68.0	108.0	107.0	204.0	151.0	130.0	127.0	93.0	83.0	142.0	110.0	90.0	104.0	126.0	142.0	97.0	127.0	127.0	104.0	133.0	132.0	126.0	94.0	50.0	106.0	108.0	132.0	91.0	68.0	88.0	95.0	147.0	152.0	116.0	203.0	51.0	116.0	112.0	90.0	104.0	196.0	20.0	164.0	33.0	191.0	67.0	114.0	96.0	132.0	109.0	122.0	70.0	90.0	138.0	73.0	90.0	85.0	94.0	93.0	133.0	132.0	63.0	145.0	157.0	176.0	175.0	117.0	69.0	114.0	165.0	113.0	158.0	119.0	160.0	117.0	105.0	71.0	79.0	152.0	116.0	109.0	132.0	212.0	142.0	110.0	93.0	134.0	145.0	104.0	124.0	110.0
alpha_rarefaction_1202_7.txt	1202	7	124.0	108.0	139.0	67.0	112.0	123.0	207.0	145.0	137.0	118.0	83.0	83.0	136.0	103.0	90.0	105.0	109.0	139.0	101.0	130.0	124.0	105.0	138.0	135.0	126.0	95.0	50.0	100.0	109.0	129.0	90.0	69.0	93.0	99.0	160.0	147.0	110.0	208.0	56.0	110.0	120.0	94.0	110.0	184.0	21.0	155.0	36.0	196.0	70.0	110.0	86.0	133.0	108.0	115.0	79.0	96.0	143.0	74.0	98.0	91.0	95.0	92.0	127.0	120.0	63.0	137.0	172.0	155.0	158.0	114.0	73.0	108.0	158.0	116.0	168.0	112.0	154.0	109.0	103.0	77.0	71.0	156.0	113.0	102.0	122.0	206.0	118.0	102.0	99.0	137.0	135.0	102.0	120.0	114.0
alpha_rarefaction_1202_8.txt	1202	8	118.0	122.0	136.0	66.0	124.0	118.0	211.0	157.0	139.0	121.0	90.0	85.0	147.0	109.0	89.0	106.0	119.0	143.0	110.0	125.0	113.0	106.0	141.0	120.0	131.0	100.0	47.0	98.0	111.0	132.0	91.0	66.0	85.0	105.0	162.0	144.0	119.0	200.0	52.0	121.0	121.0	97.0	107.0	191.0	19.0	157.0	37.0	179.0	69.0	114.0	94.0	129.0	108.0	114.0	77.0	91.0	136.0	73.0	87.0	85.0	91.0	83.0	127.0	127.0	67.0	137.0	177.0	169.0	166.0	125.0	78.0	101.0	157.0	120.0	159.0	120.0	167.0	123.0	95.0	72.0	83.0	164.0	109.0	106.0	126.0	212.0	130.0	111.0	96.0	132.0	138.0	109.0	120.0	111.0
alpha_rarefaction_1202_9.txt	1202	9	119.0	113.0	139.0	68.0	115.0	116.0	192.0	151.0	136.0	118.0	87.0	81.0	132.0	108.0	97.0	106.0	121.0	144.0	113.0	132.0	127.0	105.0	140.0	136.0	123.0	96.0	52.0	90.0	109.0	126.0	92.0	75.0	83.0	101.0	156.0	147.0	113.0	223.0	54.0	110.0	123.0	91.0	107.0	182.0	19.0	174.0	35.0	191.0	69.0	111.0	95.0	130.0	106.0	128.0	73.0	93.0	132.0	66.0	97.0	81.0	87.0	90.0	141.0	124.0	64.0	138.0	180.0	167.0	153.0	112.0	79.0	100.0	165.0	121.0	157.0	118.0	155.0	118.0	103.0	77.0	76.0	153.0	111.0	108.0	149.0	217.0	129.0	109.0	97.0	135.0	147.0	110.0	119.0	108.0
alpha_rarefaction_1351_0.txt	1351	0	140.0	122.0	134.0	72.0	123.0	123.0	208.0	150.0	128.0	116.0	100.0	90.0	147.0	107.0	91.0	108.0	135.0	145.0	105.0	139.0	139.0	113.0	143.0	147.0	132.0	97.0	48.0	105.0	121.0	127.0	102.0	72.0	98.0	103.0	173.0	147.0	118.0	223.0	54.0	122.0	128.0	90.0	112.0	182.0	22.0	174.0	40.0	195.0	70.0	113.0	96.0	131.0	110.0	130.0	73.0	108.0	138.0	75.0	95.0	95.0	95.0	92.0	143.0	140.0	66.0	137.0	168.0	176.0	169.0	122.0	80.0	114.0	190.0	122.0	164.0	114.0	166.0	114.0	107.0	70.0	87.0	158.0	122.0	108.0	142.0	215.0	135.0	112.0	97.0	140.0	141.0	113.0	122.0	115.0
alpha_rarefaction_1351_1.txt	1351	1	123.0	126.0	151.0	72.0	119.0	117.0	214.0	173.0	129.0	121.0	94.0	83.0	146.0	105.0	85.0	104.0	120.0	163.0	113.0	130.0	120.0	108.0	138.0	141.0	120.0	99.0	51.0	106.0	130.0	141.0	100.0	77.0	86.0	107.0	168.0	148.0	109.0	215.0	60.0	118.0	119.0	96.0	108.0	179.0	22.0	172.0	35.0	198.0	74.0	117.0	96.0	134.0	108.0	122.0	78.0	104.0	132.0	73.0	101.0	92.0	101.0	90.0	130.0	138.0	63.0	144.0	196.0	168.0	166.0	121.0	75.0	99.0	171.0	118.0	157.0	111.0	164.0	121.0	102.0	82.0	81.0	167.0	118.0	111.0	132.0	209.0	132.0	108.0	99.0	139.0	151.0	118.0	127.0	118.0
alpha_rarefaction_1351_2.txt	1351	2	117.0	132.0	146.0	74.0	124.0	124.0	224.0	169.0	137.0	124.0	90.0	84.0	150.0	112.0	98.0	111.0	127.0	137.0	107.0	138.0	131.0	110.0	144.0	136.0	141.0	100.0	50.0	106.0	114.0	139.0	103.0	74.0	95.0	97.0	166.0	154.0	120.0	224.0	52.0	121.0	113.0	94.0	113.0	184.0	23.0	184.0	35.0	197.0	73.0	110.0	97.0	135.0	106.0	126.0	84.0	99.0	141.0	76.0	95.0	93.0	94.0	85.0	133.0	150.0	64.0	141.0	187.0	166.0	173.0	120.0	76.0	105.0	173.0	124.0	167.0	122.0	160.0	122.0	103.0	83.0	76.0	164.0	112.0	109.0	129.0	222.0	135.0	115.0	103.0	142.0	154.0	114.0	130.0	130.0
alpha_rarefaction_1351_3.txt	1351	3	118.0	120.0	130.0	71.0	129.0	128.0	209.0	162.0	140.0	133.0	100.0	92.0	147.0	119.0	87.0	110.0	123.0	148.0	122.0	131.0	132.0	112.0	144.0	141.0	128.0	99.0	48.0	97.0	128.0	125.0	92.0	73.0	92.0	104.0	166.0	157.0	119.0	218.0	52.0	117.0	123.0	94.0	107.0	197.0	22.0	185.0	36.0	196.0	67.0	111.0	98.0	132.0	109.0	128.0	81.0	95.0	147.0	72.0	99.0	91.0	93.0	91.0	139.0	140.0	69.0	152.0	188.0	177.0	170.0	121.0	74.0	113.0	173.0	117.0	160.0	121.0	168.0	109.0	109.0	76.0	78.0	164.0	113.0	103.0	135.0	215.0	136.0	113.0	101.0	136.0	146.0	110.0	131.0	120.0
alpha_rarefaction_1351_4.txt	1351	4	129.0	119.0	141.0	74.0	120.0	122.0	209.0	161.0	141.0	121.0	97.0	86.0	146.0	111.0	84.0	103.0	128.0	156.0	106.0	128.0	148.0	109.0	139.0	137.0	128.0	102.0	47.0	103.0	113.0	137.0	99.0	75.0	97.0	101.0	165.0	147.0	110.0	224.0	50.0	116.0	115.0	95.0	115.0	196.0	21.0	179.0	36.0	179.0	66.0	105.0	97.0	132.0	109.0	125.0	84.0	94.0	137.0	74.0	93.0	85.0	97.0	90.0	136.0	126.0	65.0	143.0	178.0	167.0	161.0	122.0	85.0	106.0	170.0	118.0	171.0	121.0	179.0	117.0	113.0	77.0	78.0	166.0	115.0	119.0	138.0	212.0	127.0	109.0	94.0	137.0	139.0	107.0	128.0	120.0
alpha_rarefaction_1351_5.txt	1351	5	131.0	119.0	143.0	75.0	124.0	116.0	208.0	154.0	144.0	130.0	89.0	88.0	143.0	107.0	97.0	111.0	116.0	155.0	115.0	132.0	132.0	111.0	142.0	127.0	136.0	101.0	55.0	100.0	119.0	131.0	96.0	80.0	91.0	102.0	167.0	155.0	118.0	221.0	52.0	120.0	124.0	98.0	109.0	183.0	22.0	187.0	36.0	195.0	67.0	114.0	99.0	133.0	108.0	127.0	76.0	104.0	149.0	72.0	100.0	90.0	90.0	92.0	144.0	133.0	71.0	143.0	188.0	177.0	177.0	118.0	91.0	106.0	171.0	120.0	170.0	112.0	172.0	128.0	108.0	78.0	82.0	167.0	114.0	116.0	140.0	223.0	130.0	110.0	103.0	135.0	155.0	116.0	133.0	105.0
alpha_rarefaction_1351_6.txt	1351	6	130.0	121.0	139.0	74.0	121.0	114.0	209.0	160.0	145.0	127.0	96.0	88.0	140.0	107.0	80.0	106.0	118.0	153.0	119.0	137.0	123.0	110.0	143.0	128.0	131.0	100.0	52.0	100.0	129.0	133.0	98.0	77.0	95.0	107.0	163.0	142.0	125.0	215.0	53.0	116.0	129.0	92.0	110.0	189.0	22.0	176.0	40.0	192.0	68.0	111.0	95.0	136.0	106.0	124.0	75.0	93.0	140.0	70.0	102.0	94.0	93.0	84.0	130.0	128.0	67.0	141.0	176.0	180.0	162.0	125.0	88.0	113.0	168.0	118.0	169.0	117.0	165.0	133.0	106.0	79.0	74.0	163.0	113.0	107.0	136.0	214.0	132.0	114.0	101.0	139.0	146.0	119.0	141.0	120.0
alpha_rarefaction_1351_7.txt	1351	7	130.0	131.0	140.0	71.0	118.0	120.0	212.0	163.0	143.0	134.0	89.0	85.0	147.0	115.0	96.0	105.0	122.0	158.0	114.0	139.0	129.0	113.0	141.0	141.0	134.0	102.0	52.0	104.0	118.0	137.0	97.0	75.0	94.0	94.0	162.0	157.0	126.0	218.0	58.0	124.0	126.0	92.0	109.0	198.0	22.0	168.0	34.0	191.0	66.0	111.0	101.0	133.0	109.0	128.0	84.0	100.0	146.0	74.0	105.0	95.0	96.0	89.0	132.0	125.0	71.0	154.0	168.0	174.0	156.0	129.0	77.0	101.0	156.0	124.0	171.0	118.0	175.0	131.0	108.0	76.0	83.0	161.0	118.0	116.0	131.0	228.0	136.0	116.0	101.0	136.0	151.0	121.0	129.0	107.0
alpha_rarefaction_1351_8.txt	1351	8	124.0	120.0	149.0	72.0	123.0	118.0	214.0	155.0	140.0	129.0	90.0	91.0	144.0	113.0	94.0	107.0	118.0	140.0	119.0	134.0	128.0	110.0	140.0	135.0	129.0	99.0	53.0	99.0	127.0	127.0	93.0	77.0	96.0	101.0	166.0	148.0	118.0	216.0	53.0	123.0	125.0	94.0	112.0	196.0	20.0	178.0	39.0	197.0	69.0	111.0	98.0	133.0	105.0	123.0	80.0	97.0	148.0	74.0	97.0	93.0	99.0	87.0	134.0	124.0	63.0	144.0	185.0	172.0	165.0	123.0	83.0	103.0	158.0	114.0	167.0	120.0	161.0	115.0	102.0	80.0	83.0	157.0	114.0	111.0	142.0	227.0	139.0	112.0	100.0	139.0	149.0	105.0	127.0	105.0
alpha_rarefaction_1351_9.txt	1351	9	134.0	121.0	131.0	77.0	119.0	122.0	209.0	170.0	140.0	129.0	101.0	90.0	143.0	108.0	85.0	108.0	124.0	154.0	111.0	124.0	125.0	109.0	147.0	133.0	126.0	96.0	49.0	104.0	118.0	126.0	96.0	79.0	104.0	107.0	171.0	149.0	114.0	212.0	52.0	116.0	123.0	93.0	108.0	200.0	22.0	181.0	38.0	193.0	67.0	111.0	102.0	131.0	107.0	121.0	71.0	100.0	144.0	63.0	96.0	87.0	97.0	91.0	140.0	132.0	66.0	138.0	186.0	170.0	159.0	121.0	80.0	113.0	152.0	121.0	165.0	117.0	164.0	128.0	102.0	77.0	79.0	158.0	117.0	114.0	138.0	215.0	132.0	117.0	97.0	139.0	150.0	111.0	130.0	122.0
alpha_rarefaction_1500_0.txt	1500	0	126.0	126.0	146.0	75.0	128.0	119.0	212.0	163.0	145.0	125.0	100.0	94.0	151.0	114.0	93.0	108.0	127.0	151.0	119.0	137.0	137.0	115.0	140.0	142.0	139.0	102.0	46.0	112.0	130.0	136.0	98.0	84.0	89.0	110.0	173.0	156.0	133.0	220.0	55.0	128.0	128.0	99.0	116.0	203.0	22.0	185.0	39.0	197.0	71.0	116.0	99.0	136.0	110.0	131.0	75.0	96.0	148.0	74.0	100.0	88.0	94.0	97.0	140.0	136.0	70.0	140.0	182.0	186.0	172.0	121.0	85.0	115.0	185.0	126.0	180.0	124.0	173.0	128.0	106.0	79.0	84.0	162.0	119.0	107.0	150.0	223.0	140.0	119.0	102.0	140.0	151.0	128.0	131.0	118.0
alpha_rarefaction_1500_1.txt	1500	1	123.0	133.0	142.0	76.0	135.0	129.0	226.0	157.0	140.0	132.0	95.0	96.0	153.0	110.0	94.0	105.0	114.0	165.0	116.0	134.0	130.0	111.0	145.0	138.0	140.0	101.0	52.0	108.0	128.0	134.0	105.0	82.0	100.0	107.0	181.0	159.0	123.0	219.0	55.0	120.0	134.0	95.0	101.0	211.0	22.0	184.0	40.0	209.0	72.0	115.0	99.0	137.0	109.0	128.0	75.0	102.0	142.0	74.0	113.0	96.0	100.0	89.0	143.0	136.0	66.0	147.0	188.0	177.0	178.0	121.0	81.0	112.0	169.0	124.0	176.0	118.0	169.0	123.0	116.0	84.0	75.0	166.0	116.0	108.0	136.0	225.0	136.0	123.0	103.0	141.0	144.0	125.0	135.0	122.0
alpha_rarefaction_1500_2.txt	1500	2	135.0	125.0	148.0	77.0	129.0	127.0	221.0	165.0	139.0	131.0	104.0	90.0	149.0	113.0	84.0	112.0	126.0	158.0	115.0	140.0	130.0	112.0	142.0	139.0	137.0	107.0	44.0	114.0	127.0	129.0	97.0	76.0	91.0	107.0	177.0	163.0	114.0	236.0	58.0	124.0	130.0	99.0	112.0	211.0	22.0	187.0	34.0	197.0	71.0	107.0	106.0	137.0	108.0	123.0	83.0	106.0	146.0	68.0	99.0	94.0	94.0	93.0	136.0	139.0	62.0	145.0	182.0	182.0	175.0	126.0	89.0	115.0	173.0	123.0	161.0	124.0	166.0	132.0	101.0	82.0	81.0	163.0	115.0	116.0	141.0	211.0	131.0	119.0	99.0	141.0	155.0	126.0	132.0	124.0
alpha_rarefaction_1500_3.txt	1500	3	131.0	124.0	146.0	76.0	121.0	121.0	214.0	158.0	142.0	130.0	94.0	94.0	146.0	114.0	92.0	104.0	124.0	143.0	116.0	140.0	131.0	115.0	143.0	145.0	135.0	105.0	52.0	110.0	117.0	138.0	103.0	82.0	102.0	102.0	168.0	152.0	119.0	224.0	50.0	127.0	132.0	100.0	115.0	203.0	25.0	182.0	40.0	201.0	73.0	109.0	104.0	135.0	104.0	126.0	78.0	102.0	141.0	67.0	104.0	94.0	99.0	93.0	151.0	138.0	66.0	144.0	190.0	173.0	166.0	117.0	83.0	113.0	170.0	129.0	173.0	130.0	163.0	132.0	108.0	77.0	81.0	162.0	118.0	109.0	134.0	232.0	137.0	116.0	103.0	141.0	153.0	121.0	132.0	115.0
alpha_rarefaction_1500_4.txt	1500	4	127.0	124.0	154.0	71.0	121.0	126.0	218.0	169.0	142.0	136.0	96.0	96.0	149.0	119.0	88.0	108.0	141.0	156.0	119.0	134.0	136.0	113.0	145.0	141.0	142.0	105.0	50.0	104.0	125.0	136.0	98.0	76.0	99.0	107.0	165.0	153.0	115.0	224.0	53.0	132.0	124.0	93.0	113.0	198.0	25.0	172.0	43.0	208.0	71.0	115.0	102.0	134.0	112.0	133.0	82.0	98.0	144.0	73.0	98.0	91.0	94.0	88.0	139.0	136.0	64.0	152.0	192.0	175.0	157.0	119.0	83.0	117.0	181.0	123.0	161.0	113.0	175.0	130.0	113.0	78.0	73.0	162.0	115.0	112.0	143.0	230.0	138.0	120.0	99.0	141.0	157.0	115.0	141.0	119.0
alpha_rarefaction_1500_5.txt	1500	5	133.0	119.0	145.0	77.0	136.0	117.0	211.0	173.0	146.0	130.0	92.0	83.0	148.0	113.0	95.0	110.0	126.0	163.0	120.0	128.0	144.0	113.0	141.0	140.0	145.0	101.0	53.0	103.0	118.0	140.0	102.0	88.0	99.0	106.0	171.0	157.0	124.0	228.0	54.0	120.0	124.0	91.0	114.0	204.0	21.0	186.0	38.0	201.0	71.0	117.0	98.0	134.0	108.0	124.0	80.0	94.0	143.0	76.0	112.0	85.0	97.0	91.0	145.0	134.0	68.0	157.0	200.0	188.0	168.0	124.0	85.0	109.0	171.0	128.0	169.0	113.0	177.0	139.0	115.0	78.0	81.0	165.0	125.0	118.0	145.0	232.0	144.0	119.0	100.0	143.0	150.0	118.0	135.0	121.0
alpha_rarefaction_1500_6.txt	1500	6	128.0	122.0	144.0	74.0	122.0	119.0	229.0	165.0	148.0	125.0	93.0	95.0	161.0	112.0	90.0	111.0	119.0	158.0	104.0	142.0	142.0	116.0	141.0	141.0	138.0	110.0	50.0	102.0	122.0	136.0	101.0	74.0	100.0	106.0	168.0	154.0	108.0	225.0	60.0	119.0	122.0	89.0	119.0	192.0	22.0	175.0	39.0	190.0	75.0	117.0	104.0	134.0	112.0	128.0	76.0	100.0	148.0	77.0	98.0	86.0	100.0	94.0	142.0	131.0	64.0	143.0	191.0	178.0	170.0	124.0	85.0	111.0	163.0	112.0	165.0	117.0	166.0	113.0	112.0	82.0	86.0	168.0	123.0	120.0	141.0	226.0	141.0	117.0	103.0	141.0	151.0	125.0	135.0	113.0
alpha_rarefaction_1500_7.txt	1500	7	127.0	126.0	145.0	73.0	124.0	122.0	222.0	164.0	151.0	131.0	101.0	93.0	150.0	114.0	94.0	111.0	126.0	156.0	116.0	139.0	135.0	113.0	144.0	134.0	143.0	101.0	47.0	112.0	123.0	127.0	104.0	81.0	102.0	107.0	173.0	154.0	118.0	232.0	55.0	124.0	123.0	99.0	111.0	200.0	22.0	180.0	39.0	198.0	68.0	122.0	97.0	134.0	110.0	126.0	81.0	98.0	139.0	73.0	103.0	93.0	104.0	89.0	137.0	138.0	66.0	143.0	190.0	185.0	170.0	124.0	84.0	101.0	171.0	114.0	174.0	118.0	173.0	125.0	107.0	76.0	80.0	166.0	113.0	113.0	136.0	227.0	135.0	126.0	99.0	141.0	157.0	117.0	147.0	123.0
alpha_rarefaction_1500_8.txt	1500	8	131.0	126.0	150.0	73.0	128.0	122.0	223.0	166.0	147.0	135.0	95.0	94.0	154.0	118.0	93.0	105.0	129.0	156.0	122.0	128.0	146.0	112.0	149.0	139.0	133.0	100.0	50.0	106.0	131.0	136.0	100.0	81.0	98.0	114.0	167.0	162.0	122.0	231.0	58.0	129.0	122.0	94.0	115.0	198.0	21.0	187.0	40.0	199.0	74.0	112.0	103.0	136.0	111.0	127.0	80.0	100.0	155.0	77.0	106.0	94.0	100.0	96.0	147.0	130.0	72.0	141.0	187.0	183.0	168.0	129.0	87.0	108.0	186.0	129.0	166.0	119.0	161.0	132.0	103.0	78.0	83.0	164.0	111.0	118.0	139.0	235.0	141.0	122.0	108.0	142.0	144.0	116.0	137.0	123.0
alpha_rarefaction_1500_9.txt	1500	9	129.0	128.0	148.0	73.0	131.0	122.0	218.0	154.0	148.0	134.0	107.0	87.0	154.0	106.0	96.0	112.0	141.0	159.0	114.0	129.0	138.0	112.0	147.0	142.0	146.0	109.0	51.0	107.0	119.0	140.0	105.0	93.0	98.0	109.0	169.0	156.0	120.0	225.0	57.0	125.0	128.0	95.0	121.0	206.0	21.0	185.0	43.0	197.0	72.0	119.0	96.0	137.0	109.0	123.0	79.0	100.0	143.0	69.0	107.0	102.0	98.0	85.0	139.0	128.0	67.0	150.0	184.0	197.0	169.0	123.0	92.0	109.0	170.0	123.0	175.0	126.0	168.0	135.0	108.0	81.0	81.0	169.0	114.0	109.0	154.0	223.0	138.0	113.0	104.0	141.0	143.0	119.0	131.0	110.0