	sequences per sample	iteration	10317.000033729	10317.000041251	10317.000016493	10317.000051204	10317.000052041	10317.000014528	10317.000043200	10317.000040414	10317.000046111	10317.000022510	10317.000052274	10317.000062990	10317.000062082	10317.000041278	10317.000066594	10317.000043169	10317.000039600	10317.000035470	10317.000049819	10317.000069167	10317.000068291	10317.000040003	10317.000023965	10317.000047783	10317.000031484	10317.000062952	10317.000049934	10317.000069195	10317.000039516	10317.000031892	10317.000039978	10317.000041831	10317.000028819	10317.000052273	10317.000052421	10317.000045025	10317.000041334	10317.000037524	10317.000028820	10317.000041060	10317.000022952	10317.000051202	10317.000054099	10317.000035402	10317.000016349	10317.000052279	10317.000039525	10317.000043090	10317.000047833	10317.000028905	10317.000039953	10317.000023973	10317.000052430	10317.000046186	10317.000062954	10317.000039918	10317.000043218	10317.000052029	10317.000049730	10317.000021692	10317.000058489	10317.000062991	10317.000040130	10317.000040357	10317.000063023	10317.000052050	10317.000039554	10317.000066924	10317.000043117	10317.000039521	10317.000041522	10317.000034177	10317.000046085	10317.000033748	10317.000052324	10317.000031270	10317.000068300	10317.000054311	10317.000021693	10317.000041370	10317.000040033	10317.000040397	10317.000052270	10317.000034178	10317.000031348	10317.000052003	10317.000040157	10317.000051180	10317.000046112	10317.000039986	10317.000042738	10317.000039619	10317.000068288	10317.000046217
alpha_rarefaction_10_0.txt	10	0	7.0	7.0	10.0	8.0	5.0	7.0	10.0	9.0	9.0	8.0	5.0	7.0	10.0	9.0	5.0	10.0	10.0	9.0	8.0	8.0	7.0	9.0	9.0	9.0	8.0	7.0	4.0	5.0	8.0	9.0	9.0	5.0	10.0	6.0	7.0	8.0	7.0	10.0	4.0	7.0	7.0	7.0	8.0	8.0	3.0	9.0	6.0	8.0	8.0	7.0	6.0	10.0	9.0	9.0	4.0	8.0	8.0	7.0	6.0	8.0	6.0	9.0	9.0	7.0	8.0	9.0	9.0	8.0	9.0	6.0	7.0	5.0	8.0	5.0	10.0	8.0	8.0	7.0	5.0	8.0	7.0	8.0	6.0	7.0	6.0	10.0	9.0	9.0	8.0	8.0	8.0	7.0	7.0	9.0
alpha_rarefaction_10_1.txt	10	1	9.0	9.0	10.0	9.0	6.0	8.0	10.0	9.0	8.0	7.0	6.0	9.0	9.0	10.0	7.0	9.0	7.0	7.0	7.0	7.0	9.0	7.0	10.0	9.0	9.0	8.0	6.0	6.0	8.0	9.0	7.0	3.0	7.0	7.0	6.0	9.0	8.0	9.0	5.0	7.0	8.0	8.0	5.0	9.0	6.0	9.0	3.0	10.0	7.0	10.0	8.0	10.0	8.0	8.0	8.0	8.0	8.0	7.0	5.0	8.0	6.0	10.0	7.0	10.0	6.0	8.0	10.0	9.0	7.0	7.0	6.0	7.0	8.0	5.0	8.0	10.0	6.0	9.0	9.0	8.0	6.0	9.0	7.0	10.0	8.0	9.0	8.0	7.0	7.0	8.0	10.0	7.0	8.0	9.0
alpha_rarefaction_10_2.txt	10	2	7.0	9.0	8.0	8.0	2.0	7.0	9.0	7.0	8.0	7.0	7.0	10.0	8.0	8.0	9.0	10.0	9.0	7.0	9.0	7.0	6.0	5.0	10.0	7.0	6.0	6.0	6.0	6.0	8.0	8.0	7.0	5.0	4.0	7.0	7.0	9.0	7.0	9.0	4.0	6.0	7.0	9.0	6.0	9.0	7.0	10.0	3.0	8.0	8.0	7.0	9.0	9.0	8.0	10.0	5.0	6.0	10.0	7.0	5.0	7.0	6.0	5.0	7.0	9.0	7.0	8.0	9.0	7.0	9.0	10.0	7.0	10.0	6.0	6.0	6.0	10.0	9.0	5.0	8.0	8.0	7.0	8.0	8.0	7.0	6.0	9.0	6.0	8.0	9.0	8.0	10.0	10.0	9.0	9.0
alpha_rarefaction_10_3.txt	10	3	8.0	9.0	9.0	8.0	6.0	8.0	9.0	8.0	9.0	8.0	6.0	8.0	9.0	9.0	7.0	8.0	9.0	10.0	10.0	10.0	9.0	9.0	7.0	10.0	4.0	9.0	8.0	6.0	10.0	7.0	9.0	4.0	8.0	8.0	9.0	8.0	7.0	7.0	7.0	4.0	7.0	6.0	9.0	8.0	6.0	8.0	3.0	8.0	8.0	8.0	7.0	10.0	8.0	8.0	6.0	10.0	6.0	10.0	5.0	7.0	8.0	9.0	7.0	8.0	6.0	7.0	9.0	9.0	9.0	9.0	7.0	7.0	7.0	7.0	10.0	9.0	8.0	10.0	6.0	7.0	6.0	9.0	7.0	9.0	6.0	9.0	10.0	8.0	7.0	9.0	9.0	9.0	9.0	9.0
alpha_rarefaction_10_4.txt	10	4	7.0	8.0	8.0	7.0	6.0	6.0	10.0	8.0	9.0	6.0	7.0	9.0	9.0	9.0	5.0	7.0	9.0	7.0	7.0	9.0	7.0	10.0	8.0	10.0	7.0	9.0	3.0	5.0	9.0	9.0	8.0	4.0	5.0	8.0	8.0	9.0	7.0	9.0	5.0	8.0	9.0	6.0	8.0	7.0	7.0	10.0	4.0	10.0	8.0	8.0	7.0	9.0	8.0	9.0	5.0	10.0	9.0	8.0	7.0	6.0	8.0	5.0	7.0	8.0	6.0	8.0	8.0	8.0	9.0	9.0	5.0	7.0	9.0	8.0	8.0	7.0	8.0	7.0	9.0	6.0	7.0	9.0	8.0	7.0	8.0	10.0	8.0	8.0	9.0	7.0	9.0	6.0	8.0	7.0
alpha_rarefaction_10_5.txt	10	5	6.0	9.0	10.0	7.0	3.0	7.0	9.0	9.0	10.0	6.0	6.0	7.0	10.0	9.0	7.0	10.0	9.0	9.0	4.0	9.0	10.0	9.0	9.0	9.0	10.0	8.0	5.0	9.0	8.0	9.0	9.0	5.0	9.0	6.0	10.0	10.0	8.0	9.0	6.0	7.0	7.0	7.0	7.0	7.0	7.0	8.0	4.0	9.0	7.0	6.0	8.0	10.0	10.0	9.0	7.0	7.0	8.0	6.0	5.0	5.0	5.0	9.0	8.0	10.0	9.0	9.0	10.0	9.0	9.0	7.0	10.0	4.0	8.0	6.0	10.0	9.0	8.0	9.0	7.0	6.0	8.0	9.0	8.0	7.0	9.0	10.0	7.0	9.0	9.0	9.0	8.0	9.0	9.0	6.0
alpha_rarefaction_10_6.txt	10	6	9.0	9.0	8.0	8.0	4.0	9.0	10.0	10.0	9.0	8.0	9.0	7.0	9.0	7.0	5.0	10.0	8.0	9.0	9.0	8.0	8.0	10.0	9.0	10.0	6.0	7.0	5.0	7.0	7.0	7.0	9.0	5.0	7.0	8.0	7.0	9.0	7.0	9.0	4.0	5.0	8.0	9.0	7.0	10.0	6.0	8.0	4.0	9.0	9.0	8.0	6.0	10.0	10.0	9.0	3.0	9.0	10.0	7.0	4.0	7.0	8.0	7.0	10.0	8.0	7.0	10.0	10.0	8.0	7.0	8.0	7.0	6.0	9.0	7.0	9.0	10.0	7.0	8.0	6.0	5.0	8.0	7.0	10.0	6.0	8.0	10.0	5.0	9.0	7.0	9.0	8.0	7.0	8.0	10.0
alpha_rarefaction_10_7.txt	10	7	6.0	8.0	9.0	8.0	6.0	7.0	10.0	8.0	9.0	8.0	9.0	8.0	9.0	7.0	8.0	8.0	9.0	9.0	7.0	8.0	9.0	9.0	10.0	8.0	6.0	8.0	7.0	6.0	7.0	8.0	7.0	5.0	5.0	8.0	6.0	9.0	8.0	10.0	6.0	6.0	7.0	8.0	7.0	8.0	7.0	9.0	4.0	8.0	9.0	8.0	7.0	9.0	6.0	8.0	6.0	8.0	5.0	6.0	6.0	9.0	8.0	9.0	9.0	9.0	7.0	10.0	8.0	8.0	8.0	8.0	5.0	5.0	7.0	6.0	7.0	9.0	10.0	9.0	6.0	7.0	7.0	8.0	9.0	9.0	7.0	8.0	7.0	8.0	7.0	9.0	7.0	9.0	6.0	10.0
alpha_rarefaction_10_8.txt	10	8	9.0	9.0	9.0	8.0	5.0	7.0	10.0	9.0	7.0	8.0	7.0	8.0	10.0	9.0	8.0	9.0	9.0	8.0	8.0	10.0	9.0	7.0	8.0	8.0	7.0	8.0	4.0	5.0	6.0	10.0	8.0	7.0	6.0	8.0	7.0	10.0	10.0	10.0	6.0	6.0	7.0	8.0	7.0	10.0	6.0	9.0	6.0	9.0	7.0	8.0	8.0	9.0	9.0	10.0	4.0	9.0	9.0	9.0	8.0	9.0	6.0	9.0	7.0	9.0	7.0	9.0	9.0	10.0	8.0	7.0	8.0	5.0	9.0	7.0	7.0	10.0	5.0	9.0	10.0	5.0	8.0	9.0	8.0	10.0	7.0	8.0	8.0	6.0	9.0	9.0	6.0	7.0	7.0	9.0
alpha_rarefaction_10_9.txt	10	9	10.0	9.0	9.0	7.0	4.0	8.0	9.0	8.0	6.0	7.0	7.0	5.0	9.0	9.0	9.0	9.0	10.0	9.0	8.0	7.0	8.0	8.0	8.0	9.0	6.0	7.0	7.0	8.0	10.0	9.0	7.0	4.0	8.0	10.0	7.0	9.0	7.0	9.0	5.0	8.0	8.0	9.0	10.0	10.0	5.0	10.0	5.0	10.0	8.0	5.0	7.0	9.0	9.0	9.0	6.0	9.0	5.0	8.0	5.0	8.0	5.0	9.0	6.0	7.0	7.0	8.0	10.0	8.0	8.0	9.0	7.0	6.0	6.0	5.0	9.0	9.0	9.0	7.0	5.0	5.0	8.0	9.0	7.0	10.0	8.0	8.0	7.0	7.0	9.0	9.0	10.0	8.0	9.0	10.0
alpha_rarefaction_159_0.txt	159	0	52.0	50.0	71.0	36.0	46.0	50.0	83.0	64.0	55.0	41.0	37.0	42.0	68.0	46.0	40.0	49.0	55.0	51.0	49.0	52.0	50.0	51.0	48.0	60.0	46.0	50.0	25.0	46.0	55.0	55.0	39.0	25.0	49.0	36.0	55.0	77.0	48.0	78.0	22.0	47.0	47.0	41.0	41.0	61.0	15.0	66.0	20.0	60.0	31.0	47.0	44.0	63.0	52.0	51.0	30.0	45.0	55.0	39.0	28.0	35.0	40.0	43.0	50.0	62.0	25.0	58.0	61.0	54.0	55.0	57.0	26.0	51.0	60.0	49.0	70.0	60.0	61.0	47.0	42.0	31.0	40.0	68.0	45.0	50.0	49.0	77.0	51.0	45.0	40.0	56.0	68.0	45.0	56.0	52.0
alpha_rarefaction_159_1.txt	159	1	48.0	51.0	55.0	32.0	34.0	48.0	86.0	59.0	52.0	49.0	31.0	40.0	69.0	51.0	36.0	48.0	49.0	49.0	45.0	51.0	58.0	46.0	59.0	61.0	51.0	47.0	25.0	41.0	46.0	61.0	35.0	23.0	40.0	42.0	53.0	61.0	42.0	77.0	27.0	47.0	52.0	40.0	43.0	66.0	15.0	70.0	18.0	68.0	34.0	57.0	43.0	59.0	54.0	57.0	33.0	43.0	58.0	34.0	25.0	43.0	35.0	48.0	57.0	56.0	26.0	56.0	59.0	52.0	52.0	52.0	29.0	46.0	70.0	44.0	67.0	55.0	62.0	42.0	43.0	37.0	40.0	62.0	54.0	43.0	48.0	72.0	47.0	54.0	42.0	56.0	56.0	50.0	46.0	51.0
alpha_rarefaction_159_2.txt	159	2	54.0	42.0	60.0	34.0	38.0	55.0	81.0	64.0	59.0	44.0	34.0	38.0	69.0	56.0	43.0	46.0	48.0	51.0	43.0	51.0	54.0	52.0	55.0	54.0	47.0	41.0	25.0	43.0	47.0	72.0	40.0	20.0	40.0	38.0	53.0	63.0	44.0	76.0	23.0	44.0	51.0	39.0	46.0	66.0	15.0	65.0	19.0	63.0	33.0	49.0	39.0	59.0	53.0	61.0	34.0	43.0	58.0	37.0	27.0	42.0	41.0	40.0	53.0	57.0	26.0	55.0	60.0	59.0	56.0	53.0	31.0	42.0	65.0	51.0	65.0	56.0	65.0	49.0	44.0	33.0	38.0	68.0	50.0	49.0	46.0	78.0	56.0	55.0	44.0	59.0	59.0	44.0	53.0	47.0
alpha_rarefaction_159_3.txt	159	3	46.0	48.0	61.0	30.0	39.0	47.0	74.0	68.0	54.0	47.0	41.0	43.0	60.0	48.0	39.0	49.0	50.0	63.0	41.0	56.0	56.0	52.0	66.0	55.0	50.0	46.0	30.0	37.0	49.0	55.0	41.0	22.0	38.0	34.0	59.0	61.0	58.0	75.0	21.0	45.0	55.0	39.0	47.0	67.0	13.0	69.0	20.0	65.0	33.0	53.0	41.0	68.0	55.0	51.0	27.0	49.0	57.0	31.0	27.0	43.0	41.0	42.0	46.0	53.0	31.0	57.0	68.0	61.0	53.0	57.0	34.0	45.0	57.0	52.0	69.0	59.0	58.0	58.0	48.0	41.0	40.0	63.0	49.0	50.0	46.0	74.0	52.0	44.0	35.0	66.0	54.0	47.0	52.0	54.0
alpha_rarefaction_159_4.txt	159	4	44.0	56.0	58.0	38.0	41.0	49.0	75.0	54.0	62.0	52.0	33.0	43.0	70.0	48.0	41.0	59.0	44.0	46.0	38.0	51.0	54.0	47.0	55.0	56.0	51.0	47.0	23.0	43.0	46.0	57.0	39.0	21.0	38.0	43.0	57.0	73.0	47.0	66.0	22.0	48.0	48.0	39.0	47.0	59.0	15.0	59.0	24.0	70.0	34.0	47.0	44.0	68.0	52.0	50.0	25.0	47.0	59.0	41.0	28.0	41.0	36.0	43.0	53.0	60.0	31.0	52.0	64.0	56.0	56.0	54.0	29.0	46.0	57.0	50.0	68.0	54.0	66.0	55.0	49.0	39.0	38.0	65.0	37.0	47.0	52.0	82.0	53.0	45.0	52.0	64.0	51.0	44.0	49.0	53.0
alpha_rarefaction_159_5.txt	159	5	54.0	50.0	56.0	35.0	45.0	50.0	82.0	61.0	55.0	49.0	35.0	43.0	70.0	47.0	38.0	56.0	52.0	61.0	49.0	49.0	50.0	53.0	61.0	52.0	49.0	45.0	27.0	40.0	43.0	66.0	48.0	21.0	34.0	42.0	54.0	70.0	46.0	84.0	26.0	44.0	56.0	33.0	42.0	63.0	17.0	69.0	19.0	72.0	37.0	46.0	46.0	63.0	47.0	56.0	29.0	45.0	61.0	36.0	24.0	44.0	34.0	48.0	55.0	51.0	28.0	48.0	63.0	54.0	56.0	53.0	33.0	52.0	55.0	47.0	56.0	60.0	73.0	50.0	40.0	28.0	36.0	74.0	45.0	53.0	44.0	72.0	57.0	55.0	44.0	65.0	63.0	45.0	54.0	52.0
alpha_rarefaction_159_6.txt	159	6	42.0	44.0	56.0	36.0	44.0	54.0	83.0	63.0	47.0	53.0	37.0	41.0	61.0	51.0	37.0	55.0	50.0	49.0	40.0	57.0	55.0	51.0	59.0	52.0	53.0	45.0	25.0	37.0	43.0	63.0	37.0	21.0	39.0	47.0	54.0	64.0	47.0	68.0	23.0	49.0	57.0	37.0	42.0	63.0	13.0	66.0	20.0	72.0	32.0	45.0	36.0	65.0	52.0	49.0	31.0	42.0	57.0	31.0	35.0	39.0	40.0	40.0	46.0	53.0	32.0	61.0	64.0	58.0	55.0	54.0	31.0	52.0	60.0	42.0	60.0	58.0	64.0	51.0	47.0	31.0	30.0	67.0	52.0	53.0	44.0	73.0	52.0	49.0	43.0	64.0	51.0	51.0	48.0	54.0
alpha_rarefaction_159_7.txt	159	7	55.0	52.0	67.0	38.0	35.0	45.0	89.0	60.0	54.0	45.0	39.0	42.0	64.0	43.0	43.0	55.0	52.0	60.0	40.0	52.0	53.0	49.0	59.0	52.0	48.0	44.0	22.0	41.0	47.0	55.0	40.0	27.0	42.0	40.0	56.0	62.0	48.0	72.0	23.0	48.0	55.0	39.0	48.0	59.0	14.0	64.0	17.0	65.0	31.0	45.0	43.0	67.0	47.0	50.0	32.0	47.0	56.0	38.0	23.0	44.0	31.0	44.0	52.0	52.0	30.0	60.0	54.0	55.0	60.0	53.0	28.0	49.0	55.0	44.0	70.0	50.0	61.0	47.0	40.0	33.0	40.0	73.0	45.0	48.0	47.0	74.0	53.0	42.0	39.0	64.0	54.0	50.0	53.0	53.0
alpha_rarefaction_159_8.txt	159	8	49.0	51.0	50.0	35.0	37.0	45.0	75.0	56.0	52.0	52.0	30.0	44.0	71.0	48.0	35.0	55.0	53.0	42.0	47.0	48.0	48.0	46.0	57.0	62.0	46.0	45.0	24.0	40.0	47.0	61.0	39.0	26.0	40.0	38.0	62.0	67.0	44.0	73.0	29.0	44.0	56.0	36.0	48.0	61.0	14.0	73.0	21.0	76.0	35.0	58.0	41.0	58.0	45.0	51.0	23.0	47.0	63.0	30.0	30.0	40.0	34.0	48.0	47.0	55.0	30.0	53.0	73.0	65.0	52.0	54.0	30.0	40.0	62.0	51.0	66.0	54.0	62.0	42.0	40.0	34.0	34.0	72.0	51.0	49.0	45.0	74.0	54.0	53.0	38.0	66.0	59.0	48.0	46.0	52.0
alpha_rarefaction_159_9.txt	159	9	41.0	46.0	59.0	36.0	33.0	48.0	86.0	65.0	55.0	44.0	35.0	43.0	68.0	45.0	43.0	54.0	51.0	53.0	45.0	53.0	49.0	45.0	53.0	56.0	48.0	42.0	25.0	42.0	51.0	60.0	43.0	28.0	42.0	40.0	53.0	65.0	52.0	82.0	23.0	45.0	56.0	38.0	51.0	70.0	13.0	58.0	18.0	67.0	39.0	48.0	38.0	75.0	47.0	61.0	35.0	50.0	56.0	33.0	25.0	43.0	34.0	51.0	57.0	52.0	29.0	55.0	72.0	65.0	62.0	45.0	35.0	44.0	60.0	43.0	60.0	55.0	61.0	57.0	43.0	33.0	35.0	63.0	46.0	47.0	50.0	77.0	51.0	45.0	39.0	58.0	57.0	40.0	50.0	52.0
alpha_rarefaction_308_0.txt	308	0	67.0	68.0	72.0	46.0	52.0	62.0	111.0	76.0	73.0	67.0	51.0	54.0	92.0	69.0	57.0	71.0	68.0	80.0	54.0	71.0	65.0	62.0	78.0	74.0	71.0	60.0	32.0	54.0	60.0	78.0	58.0	30.0	53.0	61.0	76.0	91.0	62.0	116.0	32.0	66.0	73.0	43.0	66.0	93.0	14.0	95.0	25.0	92.0	42.0	68.0	52.0	84.0	63.0	75.0	43.0	53.0	77.0	47.0	36.0	51.0	59.0	64.0	72.0	88.0	43.0	91.0	95.0	94.0	92.0	74.0	47.0	61.0	94.0	65.0	88.0	67.0	85.0	56.0	54.0	48.0	52.0	101.0	71.0	78.0	72.0	109.0	76.0	63.0	53.0	77.0	86.0	70.0	76.0	69.0
alpha_rarefaction_308_1.txt	308	1	67.0	61.0	81.0	43.0	61.0	64.0	119.0	78.0	81.0	54.0	50.0	53.0	94.0	70.0	57.0	71.0	66.0	82.0	59.0	78.0	71.0	72.0	78.0	85.0	66.0	60.0	32.0	60.0	64.0	80.0	59.0	39.0	55.0	57.0	73.0	96.0	65.0	116.0	33.0	67.0	73.0	54.0	60.0	90.0	13.0	86.0	26.0	103.0	41.0	66.0	49.0	86.0	73.0	77.0	44.0	62.0	78.0	49.0	45.0	57.0	57.0	65.0	72.0	75.0	39.0	74.0	96.0	89.0	81.0	68.0	40.0	60.0	89.0	68.0	85.0	77.0	85.0	64.0	58.0	42.0	48.0	95.0	72.0	67.0	75.0	116.0	75.0	67.0	49.0	90.0	76.0	66.0	68.0	68.0
alpha_rarefaction_308_2.txt	308	2	70.0	69.0	78.0	42.0	58.0	63.0	117.0	87.0	71.0	65.0	47.0	54.0	90.0	65.0	55.0	74.0	73.0	73.0	56.0	68.0	70.0	62.0	87.0	80.0	72.0	60.0	30.0	51.0	70.0	79.0	61.0	38.0	54.0	70.0	81.0	88.0	60.0	115.0	34.0	65.0	74.0	57.0	71.0	103.0	17.0	88.0	23.0	102.0	41.0	64.0	53.0	90.0	72.0	68.0	43.0	51.0	73.0	45.0	40.0	53.0	57.0	62.0	82.0	78.0	41.0	85.0	101.0	73.0	77.0	76.0	49.0	59.0	90.0	67.0	89.0	77.0	90.0	60.0	63.0	49.0	48.0	91.0	67.0	69.0	70.0	114.0	68.0	58.0	55.0	88.0	75.0	71.0	69.0	66.0
alpha_rarefaction_308_3.txt	308	3	68.0	70.0	86.0	42.0	58.0	71.0	123.0	83.0	82.0	65.0	48.0	54.0	88.0	64.0	52.0	66.0	67.0	74.0	66.0	63.0	68.0	72.0	72.0	82.0	70.0	62.0	34.0	47.0	63.0	71.0	54.0	34.0	47.0	55.0	81.0	86.0	62.0	112.0	37.0	69.0	64.0	53.0	61.0	97.0	18.0	95.0	26.0	91.0	42.0	71.0	60.0	85.0	59.0	78.0	46.0	58.0	85.0	43.0	38.0	57.0	58.0	54.0	73.0	70.0	37.0	69.0	95.0	83.0	72.0	73.0	41.0	61.0	86.0	66.0	90.0	75.0	89.0	68.0	64.0	41.0	47.0	94.0	66.0	69.0	74.0	110.0	83.0	62.0	55.0	84.0	82.0	65.0	65.0	67.0
alpha_rarefaction_308_4.txt	308	4	65.0	63.0	81.0	47.0	55.0	63.0	116.0	85.0	85.0	64.0	53.0	52.0	83.0	66.0	51.0	66.0	67.0	80.0	56.0	70.0	69.0	60.0	75.0	77.0	67.0	64.0	35.0	57.0	64.0	77.0	59.0	26.0	58.0	50.0	83.0	91.0	63.0	107.0	30.0	66.0	71.0	51.0	60.0	93.0	16.0	106.0	21.0	106.0	41.0	62.0	59.0	83.0	70.0	62.0	39.0	59.0	84.0	48.0	35.0	52.0	57.0	65.0	76.0	77.0	36.0	79.0	100.0	91.0	79.0	71.0	47.0	68.0	87.0	67.0	85.0	74.0	87.0	68.0	64.0	49.0	54.0	82.0	71.0	71.0	72.0	113.0	82.0	56.0	59.0	81.0	73.0	58.0	81.0	67.0
alpha_rarefaction_308_5.txt	308	5	71.0	70.0	78.0	51.0	51.0	65.0	110.0	90.0	71.0	60.0	53.0	56.0	78.0	59.0	52.0	69.0	66.0	80.0	66.0	81.0	68.0	69.0	77.0	75.0	64.0	64.0	35.0	55.0	67.0	76.0	57.0	34.0	51.0	59.0	85.0	94.0	65.0	109.0	34.0	63.0	69.0	51.0	61.0	93.0	15.0	87.0	26.0	95.0	45.0	64.0	57.0	76.0	63.0	63.0	41.0	55.0	84.0	48.0	42.0	61.0	46.0	61.0	68.0	75.0	39.0	91.0	96.0	97.0	91.0	71.0	42.0	57.0	94.0	68.0	99.0	71.0	89.0	63.0	59.0	44.0	45.0	93.0	61.0	68.0	61.0	105.0	72.0	68.0	58.0	90.0	66.0	76.0	79.0	69.0
alpha_rarefaction_308_6.txt	308	6	70.0	79.0	80.0	46.0	54.0	71.0	110.0	87.0	77.0	69.0	51.0	62.0	88.0	67.0	55.0	77.0	71.0	81.0	61.0	70.0	77.0	73.0	80.0	80.0	74.0	65.0	33.0	58.0	64.0	79.0	57.0	35.0	52.0	57.0	79.0	82.0	58.0	106.0	34.0	58.0	68.0	53.0	54.0	89.0	14.0	98.0	20.0	100.0	46.0	67.0	56.0	84.0	65.0	68.0	45.0	50.0	84.0	45.0	44.0	61.0	52.0	53.0	72.0	81.0	45.0	83.0	95.0	92.0	76.0	76.0	44.0	60.0	100.0	64.0	91.0	72.0	90.0	71.0	71.0	54.0	43.0	90.0	67.0	73.0	70.0	102.0	71.0	66.0	60.0	86.0	83.0	71.0	73.0	68.0
alpha_rarefaction_308_7.txt	308	7	57.0	69.0	82.0	44.0	59.0	69.0	113.0	85.0	73.0	64.0	49.0	55.0	89.0	62.0	46.0	69.0	62.0	85.0	61.0	67.0	68.0	66.0	78.0	71.0	70.0	67.0	34.0	50.0	63.0	88.0	50.0	42.0	52.0	58.0	76.0	93.0	63.0	114.0	31.0	73.0	72.0	45.0	62.0	105.0	17.0	96.0	21.0	100.0	43.0	66.0	57.0	92.0	70.0	73.0	45.0	63.0	84.0	51.0	40.0	50.0	58.0	53.0	78.0	78.0	37.0	75.0	90.0	90.0	84.0	73.0	40.0	61.0	81.0	64.0	85.0	74.0	87.0	69.0	64.0	46.0	50.0	90.0	63.0	65.0	71.0	109.0	82.0	57.0	56.0	84.0	73.0	64.0	71.0	67.0
alpha_rarefaction_308_8.txt	308	8	68.0	74.0	80.0	42.0	55.0	70.0	114.0	92.0	83.0	68.0	55.0	47.0	94.0	62.0	60.0	75.0	68.0	68.0	65.0	72.0	71.0	63.0	80.0	76.0	70.0	65.0	35.0	52.0	65.0	83.0	56.0	31.0	46.0	62.0	79.0	92.0	58.0	111.0	33.0	70.0	75.0	46.0	66.0	90.0	15.0	95.0	27.0	105.0	46.0	68.0	50.0	81.0	69.0	71.0	39.0	54.0	78.0	43.0	53.0	56.0	60.0	55.0	79.0	69.0	37.0	76.0	96.0	91.0	86.0	78.0	48.0	62.0	88.0	70.0	87.0	66.0	85.0	69.0	69.0	49.0	53.0	94.0	68.0	66.0	69.0	103.0	72.0	66.0	54.0	87.0	72.0	67.0	65.0	73.0
alpha_rarefaction_308_9.txt	308	9	74.0	64.0	81.0	46.0	54.0	66.0	126.0	88.0	67.0	63.0	51.0	60.0	89.0	69.0	53.0	72.0	69.0	69.0	57.0	67.0	68.0	68.0	78.0	81.0	68.0	60.0	33.0	54.0	73.0	68.0	57.0	40.0	67.0	62.0	78.0	87.0	65.0	126.0	36.0	64.0	78.0	57.0	58.0	98.0	14.0	96.0	21.0	105.0	38.0	70.0	57.0	82.0	70.0	71.0	41.0	53.0	75.0	42.0	42.0	55.0	58.0	57.0	73.0	81.0	34.0	81.0	89.0	92.0	84.0	70.0	44.0	65.0	80.0	60.0	76.0	77.0	83.0	64.0	66.0	43.0	51.0	91.0	70.0	62.0	62.0	119.0	71.0	67.0	54.0	87.0	97.0	67.0	77.0	72.0
alpha_rarefaction_457_0.txt	457	0	79.0	86.0	93.0	48.0	74.0	87.0	130.0	109.0	88.0	85.0	67.0	64.0	108.0	81.0	66.0	74.0	89.0	92.0	73.0	90.0	86.0	77.0	102.0	84.0	85.0	76.0	32.0	65.0	76.0	94.0	65.0	47.0	66.0	73.0	100.0	114.0	77.0	135.0	36.0	80.0	82.0	56.0	76.0	114.0	17.0	120.0	27.0	120.0	51.0	77.0	60.0	94.0	80.0	82.0	44.0	69.0	91.0	42.0	49.0	70.0	66.0	71.0	83.0	84.0	42.0	93.0	111.0	107.0	91.0	88.0	46.0	74.0	103.0	75.0	100.0	81.0	116.0	71.0	71.0	52.0	61.0	103.0	83.0	87.0	84.0	129.0	83.0	85.0	67.0	102.0	81.0	80.0	83.0	83.0
alpha_rarefaction_457_1.txt	457	1	81.0	85.0	96.0	50.0	82.0	73.0	140.0	111.0	92.0	83.0	64.0	64.0	108.0	80.0	60.0	78.0	82.0	87.0	71.0	85.0	84.0	87.0	98.0	91.0	85.0	77.0	33.0	67.0	75.0	104.0	65.0	39.0	62.0	69.0	106.0	108.0	75.0	137.0	44.0	85.0	86.0	60.0	70.0	114.0	20.0	120.0	26.0	123.0	51.0	84.0	70.0	94.0	85.0	84.0	57.0	66.0	94.0	45.0	57.0	61.0	62.0	65.0	88.0	92.0	47.0	105.0	110.0	112.0	99.0	90.0	54.0	71.0	105.0	73.0	109.0	83.0	118.0	72.0	74.0	56.0	63.0	110.0	84.0	85.0	81.0	135.0	93.0	75.0	63.0	91.0	104.0	73.0	82.0	76.0
alpha_rarefaction_457_2.txt	457	2	84.0	88.0	98.0	59.0	70.0	81.0	146.0	104.0	87.0	91.0	63.0	62.0	102.0	81.0	53.0	82.0	85.0	90.0	75.0	88.0	87.0	85.0	94.0	83.0	85.0	74.0	38.0	71.0	76.0	98.0	59.0	36.0	62.0	67.0	94.0	102.0	75.0	133.0	39.0	84.0	86.0	56.0	67.0	114.0	18.0	114.0	32.0	137.0	48.0	78.0	65.0	96.0	77.0	83.0	49.0	63.0	97.0	50.0	63.0	70.0	62.0	66.0	91.0	88.0	44.0	94.0	115.0	118.0	96.0	90.0	47.0	76.0	108.0	74.0	104.0	84.0	109.0	77.0	77.0	54.0	54.0	108.0	78.0	82.0	82.0	129.0	86.0	73.0	65.0	89.0	94.0	71.0	90.0	83.0
alpha_rarefaction_457_3.txt	457	3	80.0	85.0	90.0	56.0	71.0	79.0	141.0	104.0	98.0	79.0	67.0	57.0	106.0	83.0	56.0	83.0	77.0	94.0	73.0	82.0	80.0	76.0	99.0	89.0	86.0	76.0	39.0	66.0	70.0	87.0	70.0	41.0	65.0	65.0	115.0	100.0	68.0	139.0	33.0	76.0	90.0	54.0	74.0	125.0	20.0	108.0	32.0	114.0	53.0	75.0	67.0	98.0	81.0	85.0	47.0	67.0	95.0	53.0	51.0	61.0	67.0	64.0	92.0	87.0	45.0	88.0	117.0	104.0	89.0	82.0	50.0	63.0	102.0	76.0	107.0	85.0	107.0	77.0	77.0	55.0	62.0	111.0	79.0	85.0	88.0	130.0	87.0	74.0	62.0	95.0	96.0	83.0	87.0	76.0
alpha_rarefaction_457_4.txt	457	4	85.0	80.0	95.0	48.0	78.0	76.0	133.0	100.0	86.0	77.0	60.0	69.0	107.0	78.0	61.0	81.0	84.0	96.0	64.0	86.0	97.0	76.0	97.0	95.0	82.0	73.0	39.0	68.0	81.0	96.0	64.0	48.0	64.0	64.0	98.0	109.0	80.0	134.0	37.0	69.0	83.0	63.0	80.0	103.0	19.0	122.0	27.0	114.0	51.0	82.0	69.0	100.0	84.0	91.0	48.0	66.0	89.0	49.0	46.0	61.0	60.0	69.0	89.0	90.0	44.0	94.0	118.0	114.0	97.0	89.0	49.0	70.0	110.0	76.0	115.0	91.0	110.0	82.0	81.0	54.0	60.0	103.0	79.0	83.0	83.0	146.0	90.0	80.0	63.0	99.0	103.0	70.0	91.0	82.0
alpha_rarefaction_457_5.txt	457	5	78.0	78.0	99.0	50.0	74.0	84.0	140.0	90.0	89.0	73.0	58.0	70.0	112.0	74.0	63.0	84.0	85.0	98.0	76.0	88.0	86.0	78.0	91.0	94.0	92.0	78.0	36.0	60.0	78.0	91.0	68.0	40.0	61.0	66.0	110.0	107.0	80.0	137.0	38.0	78.0	85.0	63.0	68.0	127.0	15.0	114.0	25.0	128.0	54.0	75.0	71.0	92.0	73.0	87.0	54.0	70.0	84.0	54.0	50.0	69.0	70.0	68.0	83.0	97.0	47.0	100.0	110.0	102.0	91.0	84.0	47.0	74.0	105.0	79.0	111.0	86.0	110.0	75.0	71.0	53.0	57.0	105.0	79.0	77.0	95.0	133.0	85.0	78.0	68.0	93.0	86.0	83.0	89.0	80.0
alpha_rarefaction_457_6.txt	457	6	77.0	78.0	89.0	53.0	72.0	79.0	135.0	100.0	88.0	82.0	52.0	68.0	99.0	74.0	68.0	82.0	86.0	89.0	77.0	82.0	86.0	75.0	103.0	97.0	83.0	74.0	39.0	56.0	80.0	83.0	71.0	45.0	58.0	59.0	91.0	100.0	80.0	136.0	37.0	83.0	79.0	64.0	69.0	125.0	17.0	121.0	26.0	133.0	51.0	80.0	72.0	99.0	73.0	88.0	45.0	65.0	95.0	54.0	59.0	62.0	58.0	68.0	91.0	78.0	40.0	101.0	114.0	115.0	100.0	90.0	49.0	77.0	109.0	71.0	109.0	94.0	100.0	76.0	74.0	56.0	57.0	117.0	79.0	73.0	91.0	137.0	88.0	70.0	72.0	94.0	103.0	71.0	91.0	69.0
alpha_rarefaction_457_7.txt	457	7	76.0	77.0	100.0	53.0	74.0	77.0	144.0	106.0	87.0	88.0	62.0	63.0	106.0	80.0	63.0	77.0	77.0	85.0	80.0	82.0	76.0	76.0	92.0	87.0	88.0	72.0	40.0	60.0	71.0	89.0	70.0	37.0	73.0	68.0	98.0	111.0	78.0	139.0	37.0	82.0	88.0	60.0	65.0	118.0	15.0	110.0	27.0	124.0	55.0	79.0	64.0	99.0	72.0	86.0	52.0	69.0	93.0	52.0	49.0	62.0	65.0	70.0	97.0	88.0	43.0	88.0	119.0	105.0	99.0	82.0	49.0	78.0	106.0	81.0	117.0	88.0	99.0	77.0	69.0	55.0	57.0	115.0	71.0	83.0	90.0	124.0	93.0	69.0	66.0	101.0	105.0	64.0	81.0	80.0
alpha_rarefaction_457_8.txt	457	8	77.0	82.0	105.0	51.0	67.0	78.0	131.0	103.0	94.0	82.0	64.0	60.0	101.0	75.0	58.0	84.0	74.0	98.0	74.0	101.0	89.0	77.0	95.0	90.0	82.0	72.0	37.0	58.0	85.0	82.0	63.0	39.0	62.0	80.0	85.0	102.0	78.0	147.0	41.0	73.0	80.0	61.0	73.0	116.0	13.0	117.0	30.0	124.0	52.0	80.0	55.0	99.0	78.0	87.0	50.0	68.0	98.0	60.0	59.0	70.0	66.0	62.0	99.0	95.0	39.0	97.0	122.0	111.0	96.0	80.0	59.0	65.0	99.0	80.0	115.0	86.0	106.0	77.0	65.0	61.0	48.0	117.0	75.0	73.0	88.0	138.0	94.0	74.0	61.0	102.0	92.0	81.0	88.0	84.0
alpha_rarefaction_457_9.txt	457	9	87.0	83.0	93.0	58.0	61.0	82.0	144.0	116.0	90.0	78.0	61.0	65.0	102.0	79.0	53.0	78.0	87.0	94.0	71.0	85.0	88.0	81.0	91.0	88.0	86.0	72.0	40.0	67.0	78.0	96.0	61.0	43.0	66.0	78.0	103.0	113.0	73.0	147.0	37.0	72.0	87.0	66.0	78.0	117.0	18.0	110.0	26.0	128.0	49.0	83.0	68.0	103.0	78.0	87.0	49.0	67.0	94.0	55.0	56.0	63.0	66.0	63.0	88.0	88.0	43.0	102.0	117.0	106.0	97.0	91.0	43.0	72.0	93.0	72.0	109.0	80.0	104.0	81.0	74.0	54.0	60.0	115.0	67.0	79.0	90.0	144.0	83.0	76.0	64.0	98.0	86.0	78.0	82.0	85.0
alpha_rarefaction_606_0.txt	606	0	94.0	87.0	114.0	59.0	93.0	89.0	157.0	129.0	108.0	91.0	73.0	73.0	115.0	90.0	69.0	89.0	89.0	102.0	90.0	100.0	92.0	90.0	109.0	104.0	97.0	81.0	35.0	74.0	92.0	101.0	70.0	53.0	76.0	76.0	119.0	116.0	89.0	158.0	45.0	95.0	97.0	67.0	87.0	142.0	18.0	138.0	28.0	147.0	58.0	87.0	77.0	102.0	83.0	103.0	57.0	76.0	106.0	50.0	57.0	73.0	74.0	74.0	103.0	108.0	51.0	103.0	133.0	116.0	112.0	94.0	68.0	83.0	122.0	89.0	123.0	100.0	117.0	76.0	75.0	57.0	54.0	125.0	86.0	86.0	100.0	146.0	104.0	83.0	74.0	106.0	113.0	89.0	93.0	88.0
alpha_rarefaction_606_1.txt	606	1	91.0	90.0	110.0	62.0	84.0	89.0	139.0	116.0	104.0	101.0	72.0	69.0	107.0	84.0	73.0	83.0	96.0	102.0	93.0	86.0	98.0	87.0	103.0	101.0	95.0	81.0	42.0	76.0	98.0	109.0	73.0	43.0	74.0	72.0	118.0	119.0	91.0	156.0	41.0	85.0	102.0	67.0	85.0	130.0	19.0	133.0	31.0	144.0	60.0	92.0	74.0	113.0	86.0	94.0	55.0	69.0	107.0	56.0	56.0	70.0	82.0	67.0	100.0	102.0	43.0	102.0	132.0	119.0	115.0	102.0	55.0	78.0	122.0	93.0	124.0	95.0	119.0	90.0	76.0	66.0	63.0	127.0	93.0	83.0	100.0	148.0	104.0	87.0	74.0	114.0	103.0	85.0	96.0	91.0
alpha_rarefaction_606_2.txt	606	2	93.0	89.0	107.0	54.0	87.0	93.0	162.0	127.0	103.0	88.0	73.0	68.0	113.0	97.0	65.0	91.0	93.0	106.0	86.0	88.0	88.0	87.0	104.0	102.0	90.0	76.0	38.0	80.0	87.0	102.0	75.0	49.0	75.0	80.0	118.0	110.0	97.0	160.0	39.0	93.0	98.0	67.0	89.0	128.0	18.0	124.0	33.0	138.0	60.0	75.0	68.0	112.0	88.0	101.0	57.0	79.0	104.0	58.0	65.0	72.0	73.0	76.0	108.0	102.0	51.0	108.0	121.0	134.0	119.0	97.0	68.0	92.0	129.0	86.0	121.0	97.0	119.0	91.0	82.0	65.0	54.0	122.0	84.0	93.0	101.0	159.0	99.0	88.0	75.0	105.0	107.0	86.0	108.0	92.0
alpha_rarefaction_606_3.txt	606	3	100.0	92.0	106.0	60.0	80.0	95.0	161.0	116.0	115.0	92.0	78.0	59.0	112.0	82.0	66.0	91.0	85.0	106.0	85.0	99.0	93.0	83.0	113.0	107.0	97.0	83.0	41.0	64.0	86.0	109.0	69.0	45.0	68.0	72.0	111.0	106.0	88.0	152.0	43.0	83.0	98.0	67.0	78.0	137.0	15.0	129.0	26.0	141.0	53.0	94.0	70.0	111.0	84.0	103.0	56.0	78.0	105.0	56.0	59.0	69.0	75.0	77.0	104.0	103.0	50.0	103.0	139.0	128.0	117.0	98.0	55.0	84.0	121.0	89.0	119.0	95.0	122.0	93.0	78.0	63.0	63.0	127.0	93.0	84.0	102.0	154.0	99.0	82.0	75.0	112.0	117.0	85.0	99.0	97.0
alpha_rarefaction_606_4.txt	606	4	101.0	92.0	118.0	55.0	87.0	91.0	172.0	122.0	112.0	95.0	63.0	73.0	116.0	89.0	70.0	88.0	88.0	99.0	82.0	86.0	97.0	91.0	113.0	101.0	101.0	82.0	42.0	75.0	84.0	100.0	76.0	46.0	65.0	78.0	121.0	124.0	87.0	164.0	46.0	87.0	103.0	71.0	87.0	130.0	20.0	143.0	29.0	150.0	54.0	91.0	71.0	113.0	88.0	89.0	65.0	74.0	108.0	56.0	72.0	78.0	75.0	69.0	102.0	95.0	49.0	105.0	125.0	124.0	121.0	98.0	53.0	80.0	123.0	88.0	127.0	91.0	123.0	89.0	82.0	61.0	60.0	129.0	85.0	95.0	91.0	159.0	98.0	84.0	74.0	111.0	107.0	82.0	94.0	86.0
alpha_rarefaction_606_5.txt	606	5	83.0	91.0	111.0	54.0	92.0	85.0	166.0	113.0	96.0	86.0	65.0	67.0	111.0	88.0	65.0	85.0	91.0	103.0	76.0	89.0	90.0	81.0	112.0	102.0	99.0	81.0	42.0	76.0	89.0	100.0	72.0	51.0	73.0	71.0	128.0	116.0	89.0	161.0	40.0	85.0	95.0	74.0	87.0	129.0	19.0	137.0	28.0	136.0	59.0	80.0	76.0	101.0	84.0	93.0	58.0	72.0	109.0	55.0	64.0	76.0	73.0	65.0	102.0	97.0	51.0	109.0	123.0	122.0	126.0	97.0	53.0	79.0	121.0	90.0	124.0	97.0	117.0	77.0	80.0	61.0	62.0	131.0	83.0	96.0	98.0	166.0	97.0	86.0	76.0	107.0	104.0	84.0	105.0	85.0
alpha_rarefaction_606_6.txt	606	6	87.0	95.0	110.0	61.0	77.0	91.0	166.0	117.0	104.0	86.0	72.0	68.0	123.0	87.0	65.0	88.0	92.0	112.0	82.0	104.0	99.0	89.0	102.0	105.0	92.0	76.0	39.0	75.0	94.0	99.0	68.0	52.0	69.0	90.0	113.0	106.0	94.0	160.0	46.0	91.0	90.0	69.0	85.0	132.0	22.0	128.0	27.0	142.0	50.0	91.0	71.0	113.0	81.0	90.0	60.0	84.0	105.0	57.0	61.0	71.0	68.0	71.0	98.0	101.0	41.0	109.0	132.0	113.0	114.0	91.0	57.0	88.0	125.0	84.0	118.0	93.0	117.0	88.0	82.0	63.0	63.0	123.0	87.0	91.0	92.0	161.0	92.0	83.0	72.0	111.0	108.0	83.0	88.0	91.0
alpha_rarefaction_606_7.txt	606	7	98.0	99.0	110.0	57.0	78.0	84.0	159.0	120.0	102.0	94.0	70.0	74.0	118.0	86.0	67.0	86.0	96.0	123.0	84.0	98.0	101.0	89.0	110.0	99.0	96.0	79.0	40.0	71.0	86.0	102.0	67.0	52.0	77.0	76.0	116.0	111.0	86.0	156.0	45.0	94.0	94.0	67.0	87.0	138.0	18.0	134.0	31.0	136.0	56.0	91.0	66.0	111.0	94.0	95.0	57.0	76.0	121.0	61.0	56.0	72.0	75.0	70.0	97.0	92.0	49.0	106.0	134.0	120.0	118.0	96.0	58.0	87.0	121.0	95.0	119.0	95.0	125.0	84.0	73.0	58.0	59.0	124.0	90.0	89.0	94.0	150.0	100.0	77.0	76.0	111.0	116.0	90.0	89.0	91.0
alpha_rarefaction_606_8.txt	606	8	91.0	100.0	109.0	66.0	82.0	83.0	162.0	119.0	102.0	97.0	69.0	60.0	114.0	87.0	70.0	91.0	94.0	105.0	79.0	99.0	98.0	93.0	107.0	105.0	93.0	80.0	38.0	73.0	91.0	96.0	76.0	62.0	69.0	77.0	116.0	119.0	90.0	150.0	49.0	93.0	97.0	67.0	78.0	149.0	17.0	131.0	30.0	136.0	59.0	93.0	77.0	112.0	89.0	97.0	55.0	69.0	108.0	49.0	67.0	67.0	72.0	70.0	103.0	100.0	47.0	97.0	128.0	122.0	109.0	99.0	56.0	89.0	111.0	91.0	117.0	84.0	129.0	88.0	81.0	67.0	60.0	122.0	88.0	92.0	97.0	159.0	98.0	85.0	67.0	109.0	108.0	89.0	94.0	77.0
alpha_rarefaction_606_9.txt	606	9	87.0	100.0	100.0	63.0	84.0	84.0	158.0	114.0	107.0	99.0	69.0	68.0	116.0	89.0	67.0	91.0	98.0	106.0	77.0	87.0	98.0	73.0	113.0	112.0	97.0	90.0	39.0	78.0	103.0	109.0	74.0	56.0	70.0	79.0	115.0	119.0	87.0	151.0	49.0	85.0	94.0	68.0	92.0	136.0	18.0	120.0	30.0	137.0	58.0	96.0	75.0	118.0	90.0	98.0	56.0	78.0	108.0	52.0	72.0	64.0	78.0	79.0	99.0	99.0	50.0	110.0	132.0	126.0	113.0	94.0	62.0	85.0	122.0	94.0	118.0	95.0	125.0	89.0	79.0	57.0	67.0	106.0	87.0	95.0	102.0	163.0	99.0	82.0	79.0	101.0	109.0	92.0	95.0	87.0
alpha_rarefaction_755_0.txt	755	0	96.0	103.0	117.0	61.0	93.0	99.0	170.0	129.0	124.0	95.0	75.0	76.0	121.0	93.0	79.0	93.0	95.0	116.0	91.0	111.0	101.0	94.0	122.0	109.0	109.0	89.0	47.0	80.0	106.0	107.0	83.0	65.0	76.0	74.0	136.0	127.0	95.0	176.0	49.0	104.0	105.0	74.0	91.0	152.0	19.0	128.0	30.0	155.0	65.0	98.0	78.0	118.0	94.0	106.0	59.0	83.0	116.0	61.0	74.0	78.0	76.0	81.0	116.0	107.0	56.0	115.0	147.0	142.0	128.0	101.0	65.0	89.0	132.0	102.0	133.0	101.0	133.0	100.0	88.0	77.0	72.0	137.0	98.0	92.0	97.0	175.0	113.0	94.0	81.0	117.0	132.0	98.0	111.0	94.0
alpha_rarefaction_755_1.txt	755	1	99.0	102.0	112.0	60.0	97.0	90.0	173.0	128.0	120.0	102.0	86.0	68.0	125.0	89.0	77.0	90.0	102.0	109.0	93.0	103.0	98.0	97.0	116.0	118.0	109.0	82.0	47.0	75.0	92.0	114.0	81.0	55.0	81.0	88.0	137.0	121.0	102.0	177.0	44.0	95.0	108.0	83.0	93.0	146.0	15.0	143.0	31.0	157.0	57.0	93.0	81.0	119.0	89.0	99.0	61.0	82.0	116.0	63.0	76.0	74.0	70.0	81.0	111.0	109.0	50.0	106.0	131.0	127.0	125.0	102.0	62.0	93.0	132.0	100.0	127.0	100.0	133.0	92.0	91.0	65.0	65.0	136.0	91.0	86.0	109.0	178.0	113.0	90.0	80.0	121.0	117.0	98.0	106.0	93.0
alpha_rarefaction_755_2.txt	755	2	99.0	100.0	122.0	60.0	97.0	98.0	182.0	136.0	111.0	102.0	71.0	70.0	124.0	100.0	75.0	87.0	93.0	111.0	93.0	101.0	98.0	94.0	127.0	119.0	104.0	88.0	48.0	83.0	98.0	118.0	75.0	52.0	79.0	81.0	125.0	122.0	97.0	172.0	45.0	97.0	97.0	70.0	88.0	156.0	20.0	143.0	32.0	148.0	63.0	89.0	78.0	123.0	89.0	111.0	59.0	79.0	116.0	62.0	75.0	73.0	85.0	75.0	110.0	108.0	57.0	122.0	142.0	131.0	126.0	107.0	58.0	91.0	121.0	100.0	135.0	99.0	129.0	99.0	82.0	61.0	68.0	130.0	97.0	93.0	112.0	175.0	104.0	93.0	80.0	119.0	108.0	92.0	102.0	102.0
alpha_rarefaction_755_3.txt	755	3	97.0	105.0	114.0	63.0	103.0	92.0	168.0	123.0	121.0	95.0	80.0	74.0	124.0	88.0	67.0	96.0	102.0	116.0	94.0	99.0	99.0	92.0	110.0	112.0	97.0	82.0	51.0	88.0	97.0	114.0	78.0	58.0	81.0	75.0	128.0	129.0	89.0	177.0	48.0	102.0	100.0	75.0	87.0	147.0	17.0	140.0	35.0	151.0	60.0	98.0	80.0	109.0	91.0	106.0	64.0	77.0	118.0	67.0	79.0	73.0	79.0	78.0	117.0	103.0	56.0	109.0	152.0	138.0	127.0	103.0	71.0	85.0	129.0	98.0	146.0	92.0	135.0	92.0	89.0	72.0	67.0	129.0	95.0	99.0	122.0	177.0	110.0	83.0	86.0	116.0	117.0	90.0	104.0	96.0
alpha_rarefaction_755_4.txt	755	4	107.0	98.0	121.0	63.0	87.0	98.0	182.0	131.0	116.0	96.0	78.0	73.0	126.0	104.0	66.0	91.0	96.0	127.0	77.0	105.0	110.0	93.0	110.0	107.0	105.0	85.0	42.0	77.0	101.0	117.0	85.0	56.0	72.0	78.0	129.0	139.0	95.0	176.0	47.0	92.0	102.0	74.0	94.0	142.0	20.0	145.0	29.0	154.0	62.0	91.0	80.0	114.0	92.0	109.0	66.0	79.0	112.0	58.0	74.0	79.0	74.0	72.0	119.0	105.0	58.0	112.0	137.0	131.0	124.0	99.0	66.0	91.0	140.0	96.0	136.0	98.0	134.0	96.0	84.0	66.0	63.0	137.0	97.0	99.0	112.0	176.0	107.0	87.0	83.0	120.0	116.0	97.0	110.0	96.0
alpha_rarefaction_755_5.txt	755	5	94.0	104.0	125.0	60.0	98.0	98.0	168.0	123.0	117.0	107.0	81.0	75.0	130.0	92.0	70.0	97.0	103.0	120.0	91.0	101.0	106.0	94.0	121.0	115.0	94.0	88.0	49.0	87.0	90.0	112.0	78.0	59.0	85.0	87.0	122.0	135.0	96.0	165.0	45.0	97.0	101.0	82.0	90.0	143.0	18.0	144.0	34.0	157.0	59.0	89.0	82.0	118.0	95.0	97.0	54.0	81.0	118.0	60.0	65.0	84.0	74.0	77.0	111.0	106.0	48.0	107.0	134.0	126.0	123.0	108.0	65.0	92.0	140.0	97.0	133.0	103.0	141.0	95.0	88.0	72.0	66.0	131.0	96.0	96.0	98.0	173.0	104.0	89.0	81.0	114.0	116.0	93.0	109.0	99.0
alpha_rarefaction_755_6.txt	755	6	96.0	94.0	121.0	61.0	89.0	93.0	179.0	123.0	125.0	94.0	82.0	78.0	127.0	89.0	69.0	94.0	107.0	116.0	92.0	110.0	104.0	99.0	116.0	109.0	104.0	78.0	41.0	86.0	90.0	107.0	77.0	58.0	75.0	89.0	121.0	118.0	93.0	164.0	46.0	98.0	98.0	73.0	94.0	167.0	20.0	136.0	31.0	148.0	63.0	95.0	85.0	116.0	88.0	109.0	54.0	70.0	122.0	62.0	79.0	75.0	74.0	74.0	113.0	115.0	55.0	122.0	157.0	124.0	124.0	104.0	68.0	89.0	129.0	98.0	131.0	92.0	125.0	102.0	90.0	71.0	67.0	126.0	98.0	91.0	106.0	166.0	108.0	93.0	79.0	118.0	114.0	95.0	96.0	99.0
alpha_rarefaction_755_7.txt	755	7	96.0	100.0	124.0	58.0	97.0	97.0	183.0	130.0	117.0	92.0	74.0	71.0	126.0	89.0	69.0	89.0	100.0	122.0	93.0	109.0	101.0	89.0	117.0	109.0	106.0	80.0	40.0	79.0	102.0	117.0	79.0	67.0	82.0	85.0	128.0	129.0	95.0	183.0	47.0	97.0	118.0	82.0	84.0	156.0	22.0	144.0	35.0	162.0	59.0	94.0	87.0	118.0	95.0	110.0	66.0	77.0	117.0	60.0	73.0	69.0	84.0	75.0	116.0	113.0	54.0	115.0	145.0	132.0	135.0	102.0	62.0	87.0	128.0	96.0	131.0	103.0	127.0	99.0	83.0	63.0	65.0	136.0	96.0	94.0	94.0	173.0	100.0	94.0	80.0	115.0	111.0	87.0	102.0	98.0
alpha_rarefaction_755_8.txt	755	8	105.0	100.0	111.0	64.0	83.0	96.0	172.0	118.0	110.0	100.0	73.0	77.0	117.0	91.0	71.0	95.0	94.0	124.0	88.0	103.0	88.0	89.0	119.0	122.0	105.0	87.0	41.0	88.0	99.0	106.0	83.0	58.0	81.0	77.0	122.0	129.0	98.0	177.0	48.0	95.0	102.0	73.0	92.0	159.0	19.0	147.0	32.0	152.0	62.0	89.0	81.0	115.0	102.0	105.0	63.0	83.0	123.0	60.0	70.0	74.0	81.0	72.0	109.0	102.0	55.0	120.0	151.0	142.0	127.0	104.0	63.0	91.0	149.0	96.0	137.0	97.0	129.0	99.0	88.0	69.0	66.0	126.0	93.0	89.0	105.0	162.0	102.0	92.0	77.0	124.0	120.0	94.0	104.0	93.0
alpha_rarefaction_755_9.txt	755	9	99.0	99.0	115.0	58.0	96.0	103.0	167.0	141.0	114.0	104.0	79.0	73.0	122.0	87.0	74.0	89.0	99.0	125.0	90.0	105.0	91.0	92.0	123.0	114.0	111.0	82.0	43.0	86.0	95.0	102.0	85.0	59.0	78.0	89.0	123.0	119.0	98.0	176.0	44.0	91.0	111.0	73.0	89.0	144.0	19.0	133.0	33.0	152.0	57.0	89.0	81.0	118.0	83.0	102.0	64.0	76.0	117.0	57.0	80.0	74.0	79.0	78.0	116.0	111.0	51.0	121.0	150.0	135.0	125.0	101.0	60.0	89.0	145.0	99.0	134.0	105.0	126.0	92.0	88.0	60.0	63.0	137.0	95.0	97.0	104.0	178.0	115.0	97.0	85.0	113.0	117.0	100.0	101.0	92.0
alpha_rarefaction_904_0.txt	904	0	102.0	106.0	129.0	61.0	116.0	101.0	190.0	136.0	122.0	108.0	80.0	81.0	132.0	94.0	78.0	100.0	110.0	136.0	105.0	106.0	107.0	96.0	127.0	118.0	107.0	90.0	46.0	88.0	108.0	117.0	84.0	67.0	83.0	94.0	141.0	137.0	99.0	190.0	49.0	104.0	106.0	78.0	103.0	159.0	18.0	147.0	32.0	159.0	59.0	93.0	83.0	119.0	92.0	109.0	68.0	86.0	127.0	68.0	80.0	81.0	86.0	81.0	120.0	115.0	61.0	131.0	151.0	136.0	145.0	117.0	77.0	98.0	144.0	109.0	141.0	100.0	142.0	102.0	94.0	66.0	74.0	142.0	102.0	105.0	114.0	194.0	115.0	103.0	86.0	129.0	125.0	101.0	112.0	102.0
alpha_rarefaction_904_1.txt	904	1	99.0	110.0	124.0	69.0	107.0	107.0	184.0	147.0	124.0	102.0	83.0	75.0	123.0	94.0	79.0	102.0	109.0	128.0	99.0	110.0	114.0	94.0	125.0	111.0	119.0	95.0	44.0	91.0	111.0	119.0	81.0	66.0	80.0	94.0	132.0	128.0	98.0	192.0	48.0	103.0	108.0	78.0	99.0	168.0	20.0	152.0	38.0	166.0	65.0	108.0	80.0	124.0	98.0	112.0	65.0	93.0	131.0	63.0	85.0	85.0	81.0	81.0	125.0	121.0	52.0	124.0	163.0	144.0	141.0	109.0	70.0	95.0	137.0	111.0	146.0	106.0	137.0	95.0	101.0	68.0	76.0	147.0	94.0	102.0	120.0	193.0	109.0	97.0	84.0	131.0	129.0	104.0	105.0	100.0
alpha_rarefaction_904_2.txt	904	2	102.0	117.0	133.0	64.0	113.0	100.0	174.0	125.0	120.0	108.0	82.0	78.0	134.0	94.0	73.0	101.0	104.0	129.0	101.0	112.0	111.0	101.0	124.0	119.0	107.0	90.0	48.0	94.0	96.0	116.0	77.0	63.0	87.0	88.0	137.0	138.0	107.0	182.0	49.0	111.0	102.0	76.0	105.0	156.0	20.0	153.0	35.0	163.0	71.0	98.0	84.0	125.0	94.0	115.0	72.0	85.0	124.0	63.0	77.0	79.0	84.0	84.0	122.0	117.0	59.0	128.0	148.0	146.0	135.0	113.0	61.0	91.0	146.0	110.0	155.0	102.0	136.0	106.0	86.0	75.0	66.0	140.0	100.0	97.0	121.0	188.0	127.0	102.0	86.0	121.0	122.0	103.0	130.0	101.0
alpha_rarefaction_904_3.txt	904	3	116.0	110.0	123.0	68.0	107.0	102.0	186.0	133.0	123.0	100.0	73.0	81.0	127.0	99.0	77.0	100.0	108.0	137.0	102.0	119.0	116.0	104.0	126.0	125.0	111.0	91.0	43.0	84.0	100.0	112.0	81.0	62.0	84.0	100.0	136.0	130.0	101.0	185.0	48.0	102.0	107.0	78.0	102.0	160.0	18.0	148.0	36.0	161.0	58.0	95.0	90.0	125.0	101.0	105.0	65.0	86.0	123.0	74.0	85.0	82.0	86.0	82.0	118.0	114.0	60.0	125.0	159.0	144.0	134.0	113.0	66.0	98.0	143.0	101.0	140.0	103.0	141.0	110.0	98.0	73.0	70.0	142.0	94.0	100.0	116.0	175.0	118.0	96.0	86.0	130.0	124.0	94.0	108.0	100.0
alpha_rarefaction_904_4.txt	904	4	111.0	109.0	126.0	62.0	106.0	113.0	182.0	138.0	123.0	110.0	92.0	75.0	138.0	104.0	79.0	99.0	100.0	136.0	99.0	119.0	106.0	97.0	131.0	123.0	107.0	90.0	46.0	87.0	110.0	119.0	84.0	58.0	83.0	92.0	136.0	125.0	105.0	181.0	47.0	103.0	106.0	88.0	92.0	150.0	20.0	151.0	32.0	162.0	58.0	104.0	82.0	122.0	96.0	109.0	74.0	82.0	133.0	62.0	81.0	82.0	80.0	88.0	112.0	126.0	47.0	125.0	157.0	140.0	133.0	109.0	62.0	92.0	142.0	104.0	137.0	105.0	143.0	98.0	91.0	69.0	72.0	145.0	102.0	99.0	107.0	183.0	118.0	106.0	87.0	125.0	132.0	99.0	110.0	101.0
alpha_rarefaction_904_5.txt	904	5	98.0	99.0	121.0	63.0	87.0	109.0	176.0	138.0	127.0	102.0	78.0	76.0	120.0	98.0	74.0	102.0	98.0	128.0	94.0	106.0	119.0	98.0	121.0	115.0	104.0	90.0	39.0	95.0	105.0	108.0	86.0	63.0	84.0	88.0	125.0	137.0	104.0	190.0	48.0	106.0	109.0	81.0	102.0	168.0	19.0	151.0	34.0	164.0	62.0	100.0	87.0	124.0	95.0	105.0	71.0	74.0	133.0	67.0	78.0	83.0	86.0	81.0	120.0	113.0	54.0	119.0	152.0	148.0	128.0	105.0	66.0	96.0	150.0	103.0	140.0	110.0	137.0	107.0	99.0	63.0	75.0	144.0	97.0	107.0	118.0	187.0	116.0	92.0	93.0	121.0	127.0	100.0	115.0	105.0
alpha_rarefaction_904_6.txt	904	6	111.0	107.0	132.0	68.0	101.0	101.0	176.0	139.0	124.0	103.0	87.0	73.0	123.0	95.0	74.0	90.0	108.0	131.0	101.0	107.0	111.0	102.0	130.0	115.0	103.0	90.0	43.0	89.0	102.0	112.0	82.0	59.0	77.0	96.0	139.0	136.0	103.0	190.0	47.0	106.0	107.0	78.0	96.0	161.0	20.0	159.0	36.0	170.0	61.0	98.0	76.0	122.0	101.0	99.0	68.0	89.0	127.0	61.0	75.0	78.0	81.0	84.0	125.0	107.0	52.0	126.0	149.0	147.0	131.0	108.0	66.0	97.0	145.0	106.0	149.0	108.0	141.0	104.0	99.0	65.0	67.0	142.0	102.0	105.0	115.0	191.0	120.0	100.0	93.0	126.0	124.0	100.0	116.0	106.0
alpha_rarefaction_904_7.txt	904	7	107.0	108.0	125.0	65.0	104.0	97.0	189.0	139.0	132.0	104.0	93.0	78.0	135.0	95.0	85.0	96.0	97.0	121.0	89.0	109.0	114.0	107.0	126.0	115.0	110.0	98.0	47.0	88.0	105.0	122.0	89.0	70.0	87.0	84.0	143.0	138.0	110.0	176.0	49.0	99.0	110.0	77.0	99.0	159.0	23.0	145.0	37.0	164.0	65.0	101.0	80.0	126.0	98.0	105.0	68.0	84.0	135.0	68.0	93.0	87.0	86.0	84.0	127.0	109.0	56.0	118.0	160.0	147.0	142.0	110.0	67.0	98.0	150.0	106.0	141.0	108.0	137.0	104.0	92.0	76.0	76.0	145.0	94.0	98.0	107.0	181.0	114.0	100.0	90.0	127.0	120.0	93.0	104.0	103.0
alpha_rarefaction_904_8.txt	904	8	115.0	108.0	128.0	64.0	118.0	114.0	181.0	150.0	123.0	114.0	90.0	76.0	141.0	91.0	74.0	96.0	99.0	130.0	106.0	118.0	115.0	99.0	129.0	129.0	107.0	86.0	48.0	90.0	106.0	122.0	87.0	62.0	78.0	94.0	143.0	136.0	114.0	197.0	45.0	102.0	104.0	83.0	103.0	171.0	20.0	148.0	30.0	154.0	63.0	98.0	82.0	121.0	92.0	101.0	58.0	87.0	118.0	63.0	78.0	82.0	87.0	80.0	121.0	136.0	57.0	123.0	153.0	144.0	128.0	109.0	76.0	103.0	148.0	108.0	141.0	103.0	144.0	101.0	89.0	62.0	76.0	138.0	97.0	98.0	111.0	179.0	114.0	97.0	80.0	131.0	118.0	97.0	95.0	105.0
alpha_rarefaction_904_9.txt	904	9	118.0	110.0	125.0	65.0	106.0	99.0	181.0	128.0	115.0	100.0	78.0	70.0	127.0	94.0	78.0	99.0	110.0	128.0	102.0	111.0	113.0	99.0	130.0	130.0	114.0	85.0	45.0	89.0	108.0	124.0	85.0	50.0	85.0	87.0	135.0	123.0	108.0	190.0	51.0	107.0	111.0	80.0	101.0	164.0	20.0	144.0	33.0	164.0	61.0	103.0	88.0	128.0	93.0	114.0	70.0	86.0	126.0	69.0	80.0	79.0	86.0	80.0	123.0	117.0	54.0	124.0	152.0	138.0	133.0	103.0	62.0	93.0	137.0	114.0	144.0	103.0	140.0	111.0	99.0	63.0	70.0	145.0	102.0	101.0	119.0	183.0	112.0	102.0	89.0	123.0	127.0	103.0	106.0	107.0
alpha_rarefaction_1053_0.txt	1053	0	112.0	112.0	134.0	66.0	109.0	103.0	198.0	146.0	131.0	115.0	85.0	84.0	135.0	98.0	85.0	103.0	119.0	137.0	100.0	120.0	122.0	102.0	128.0	119.0	122.0	100.0	44.0	91.0	108.0	114.0	85.0	57.0	87.0	104.0	147.0	148.0	102.0	206.0	48.0	112.0	114.0	82.0	103.0	180.0	21.0	164.0	31.0	175.0	62.0	116.0	90.0	127.0	104.0	122.0	68.0	95.0	131.0	68.0	102.0	95.0	94.0	80.0	131.0	109.0	56.0	135.0	171.0	149.0	144.0	117.0	75.0	113.0	165.0	119.0	140.0	112.0	155.0	109.0	91.0	69.0	77.0	144.0	108.0	104.0	128.0	199.0	129.0	99.0	97.0	127.0	130.0	105.0	124.0	107.0
alpha_rarefaction_1053_1.txt	1053	1	113.0	100.0	123.0	67.0	110.0	113.0	196.0	160.0	131.0	117.0	81.0	85.0	127.0	92.0	88.0	96.0	104.0	150.0	104.0	116.0	113.0	104.0	133.0	120.0	115.0	91.0	51.0	108.0	106.0	119.0	91.0	69.0	85.0	93.0	146.0	140.0	105.0	198.0	52.0	109.0	116.0	84.0	95.0	170.0	23.0	168.0	31.0	170.0	69.0	105.0	85.0	131.0	104.0	116.0	70.0	79.0	135.0	66.0	72.0	90.0	93.0	89.0	124.0	123.0	66.0	135.0	165.0	159.0	137.0	109.0	78.0	101.0	152.0	103.0	163.0	116.0	161.0	103.0	98.0	76.0	72.0	150.0	107.0	110.0	130.0	209.0	125.0	102.0	88.0	130.0	127.0	106.0	109.0	110.0
alpha_rarefaction_1053_2.txt	1053	2	123.0	116.0	140.0	68.0	116.0	107.0	199.0	153.0	128.0	113.0	85.0	84.0	137.0	94.0	88.0	106.0	116.0	133.0	107.0	114.0	111.0	104.0	139.0	129.0	123.0	98.0	49.0	86.0	101.0	122.0	93.0	64.0	88.0	99.0	133.0	137.0	112.0	197.0	53.0	112.0	122.0	84.0	102.0	176.0	17.0	159.0	33.0	166.0	64.0	103.0	82.0	123.0	100.0	112.0	69.0	92.0	130.0	69.0	84.0	86.0	83.0	81.0	126.0	133.0	62.0	131.0	167.0	159.0	156.0	119.0	72.0	96.0	157.0	115.0	153.0	104.0	160.0	118.0	102.0	71.0	74.0	150.0	110.0	106.0	126.0	200.0	118.0	107.0	87.0	131.0	117.0	109.0	125.0	106.0
alpha_rarefaction_1053_3.txt	1053	3	111.0	103.0	127.0	65.0	118.0	101.0	193.0	142.0	138.0	112.0	79.0	81.0	137.0	104.0	89.0	103.0	116.0	144.0	106.0	122.0	118.0	104.0	129.0	120.0	129.0	96.0	50.0	73.0	112.0	130.0	90.0	75.0	87.0	97.0	149.0	141.0	110.0	204.0	52.0	122.0	112.0	86.0	110.0	188.0	20.0	162.0	33.0	176.0	65.0	117.0	87.0	125.0	103.0	116.0	75.0	88.0	136.0	67.0	76.0	82.0	81.0	86.0	124.0	122.0	56.0	133.0	153.0	157.0	156.0	112.0	78.0	109.0	163.0	112.0	147.0	107.0	142.0	111.0	96.0	77.0	76.0	155.0	108.0	109.0	130.0	181.0	105.0	109.0	82.0	132.0	135.0	101.0	111.0	102.0
alpha_rarefaction_1053_4.txt	1053	4	104.0	112.0	131.0	67.0	112.0	101.0	198.0	148.0	133.0	117.0	83.0	81.0	138.0	96.0	84.0	99.0	109.0	140.0	103.0	110.0	113.0	104.0	133.0	125.0	122.0	93.0	49.0	98.0	106.0	126.0	88.0	75.0	82.0	93.0	143.0	136.0	110.0	204.0	44.0	101.0	111.0	89.0	103.0	169.0	22.0	156.0	36.0	172.0	68.0	105.0	89.0	132.0	100.0	118.0	67.0	85.0	125.0	63.0	87.0	80.0	94.0	87.0	121.0	124.0	53.0	132.0	160.0	153.0	132.0	114.0	75.0	98.0	153.0	108.0	156.0	111.0	147.0	113.0	95.0	77.0	73.0	146.0	107.0	106.0	118.0	185.0	122.0	102.0	84.0	129.0	120.0	105.0	113.0	114.0
alpha_rarefaction_1053_5.txt	1053	5	108.0	113.0	123.0	67.0	120.0	109.0	199.0	153.0	124.0	119.0	83.0	81.0	140.0	105.0	84.0	100.0	118.0	135.0	103.0	124.0	121.0	105.0	128.0	127.0	122.0	90.0	45.0	93.0	110.0	115.0	93.0	73.0	88.0	93.0	149.0	140.0	105.0	185.0	47.0	93.0	116.0	93.0	101.0	169.0	20.0	164.0	35.0	171.0	69.0	99.0	98.0	131.0	100.0	115.0	71.0	86.0	129.0	63.0	83.0	84.0	93.0	84.0	122.0	121.0	59.0	137.0	169.0	150.0	160.0	117.0	69.0	90.0	154.0	107.0	154.0	109.0	151.0	120.0	99.0	76.0	70.0	144.0	109.0	97.0	117.0	198.0	119.0	99.0	86.0	130.0	128.0	107.0	115.0	104.0
alpha_rarefaction_1053_6.txt	1053	6	114.0	114.0	136.0	63.0	113.0	115.0	190.0	147.0	135.0	119.0	84.0	81.0	133.0	98.0	81.0	107.0	130.0	137.0	108.0	128.0	115.0	109.0	132.0	127.0	123.0	86.0	42.0	100.0	110.0	128.0	88.0	74.0	86.0	97.0	147.0	144.0	120.0	194.0	51.0	112.0	119.0	90.0	102.0	171.0	23.0	164.0	41.0	170.0	70.0	102.0	85.0	127.0	106.0	120.0	69.0	91.0	124.0	70.0	82.0	81.0	89.0	88.0	120.0	117.0	58.0	133.0	160.0	166.0	149.0	107.0	77.0	99.0	150.0	115.0	156.0	113.0	149.0	107.0	83.0	76.0	79.0	144.0	110.0	107.0	128.0	199.0	128.0	103.0	95.0	131.0	132.0	101.0	121.0	109.0
alpha_rarefaction_1053_7.txt	1053	7	113.0	118.0	124.0	67.0	110.0	112.0	195.0	141.0	128.0	122.0	84.0	79.0	140.0	106.0	78.0	97.0	107.0	154.0	109.0	117.0	107.0	105.0	122.0	122.0	117.0	95.0	48.0	99.0	112.0	128.0	85.0	70.0	89.0	95.0	153.0	134.0	110.0	199.0	50.0	106.0	104.0	86.0	114.0	171.0	21.0	172.0	37.0	174.0	69.0	103.0	86.0	126.0	98.0	109.0	70.0	84.0	130.0	65.0	83.0	85.0	85.0	85.0	122.0	121.0	53.0	140.0	166.0	159.0	145.0	120.0	71.0	95.0	160.0	112.0	144.0	115.0	148.0	107.0	100.0	67.0	75.0	152.0	111.0	103.0	123.0	212.0	113.0	107.0	91.0	132.0	133.0	109.0	118.0	107.0
alpha_rarefaction_1053_8.txt	1053	8	104.0	117.0	125.0	68.0	121.0	103.0	201.0	140.0	122.0	112.0	88.0	84.0	142.0	95.0	80.0	96.0	113.0	135.0	105.0	123.0	118.0	105.0	134.0	123.0	119.0	97.0	49.0	95.0	104.0	120.0	93.0	73.0	83.0	95.0	145.0	139.0	105.0	193.0	48.0	116.0	111.0	91.0	109.0	169.0	18.0	155.0	32.0	165.0	62.0	103.0	92.0	125.0	100.0	116.0	72.0	90.0	132.0	69.0	82.0	88.0	96.0	81.0	125.0	115.0	65.0	133.0	158.0	148.0	165.0	120.0	75.0	107.0	150.0	102.0	145.0	119.0	142.0	104.0	99.0	73.0	75.0	148.0	106.0	109.0	129.0	200.0	124.0	106.0	94.0	131.0	136.0	108.0	114.0	111.0
alpha_rarefaction_1053_9.txt	1053	9	116.0	106.0	126.0	70.0	118.0	106.0	200.0	152.0	124.0	121.0	83.0	80.0	137.0	104.0	89.0	94.0	113.0	133.0	107.0	127.0	107.0	102.0	139.0	126.0	118.0	95.0	49.0	89.0	105.0	126.0	90.0	68.0	85.0	99.0	149.0	149.0	112.0	196.0	54.0	113.0	114.0	78.0	106.0	169.0	20.0	162.0	36.0	169.0	62.0	99.0	91.0	121.0	98.0	114.0	62.0	98.0	126.0	73.0	87.0	82.0	91.0	81.0	131.0	124.0	58.0	133.0	156.0	150.0	151.0	121.0	67.0	97.0	145.0	114.0	146.0	109.0	151.0	113.0	105.0	71.0	74.0	150.0	107.0	108.0	126.0	202.0	116.0	103.0	92.0	133.0	140.0	109.0	112.0	108.0
alpha_rarefaction_1202_0.txt	1202	0	111.0	129.0	143.0	74.0	118.0	118.0	202.0	155.0	130.0	119.0	89.0	87.0	140.0	102.0	82.0	103.0	109.0	158.0	110.0	127.0	129.0	106.0	135.0	132.0	128.0	100.0	49.0	108.0	116.0	127.0	97.0	71.0	92.0	101.0	150.0	151.0	122.0	216.0	47.0	108.0	121.0	96.0	114.0	181.0	21.0	174.0	33.0	185.0	70.0	107.0	92.0	134.0	105.0	125.0	77.0	94.0	127.0	66.0	87.0	88.0	95.0	91.0	133.0	138.0	65.0	135.0	166.0	158.0	152.0	118.0	72.0	111.0	154.0	121.0	155.0	117.0	162.0	114.0	97.0	76.0	76.0	160.0	115.0	111.0	132.0	209.0	123.0	110.0	98.0	132.0	145.0	116.0	127.0	112.0
alpha_rarefaction_1202_1.txt	1202	1	123.0	114.0	135.0	70.0	110.0	112.0	207.0	163.0	131.0	117.0	93.0	84.0	146.0	114.0	88.0	97.0	125.0	140.0	115.0	127.0	117.0	105.0	133.0	128.0	124.0	95.0	52.0	92.0	115.0	136.0	96.0	72.0	90.0	92.0	164.0	134.0	113.0	211.0	56.0	110.0	125.0	92.0	107.0	183.0	22.0	172.0	37.0	178.0	69.0	108.0	91.0	127.0	104.0	126.0	75.0	99.0	143.0	67.0	94.0	90.0	87.0	94.0	135.0	134.0	58.0	139.0	168.0	173.0	166.0	119.0	68.0	100.0	152.0	117.0	158.0	116.0	160.0	124.0	95.0	72.0	76.0	153.0	104.0	111.0	123.0	206.0	135.0	111.0	103.0	130.0	148.0	115.0	128.0	111.0
alpha_rarefaction_1202_2.txt	1202	2	133.0	116.0	135.0	70.0	115.0	119.0	200.0	143.0	131.0	126.0	87.0	80.0	134.0	105.0	78.0	106.0	117.0	143.0	114.0	120.0	118.0	106.0	139.0	129.0	121.0	100.0	56.0	97.0	112.0	136.0	88.0	81.0	93.0	96.0	159.0	146.0	115.0	218.0	50.0	118.0	120.0	85.0	115.0	181.0	21.0	175.0	40.0	182.0	70.0	108.0	92.0	133.0	101.0	121.0	70.0	91.0	135.0	78.0	100.0	85.0	91.0	86.0	130.0	133.0	59.0	139.0	176.0	167.0	165.0	123.0	83.0	99.0	164.0	113.0	168.0	108.0	166.0	119.0	102.0	78.0	76.0	163.0	112.0	107.0	134.0	205.0	133.0	106.0	91.0	139.0	143.0	112.0	122.0	114.0
alpha_rarefaction_1202_3.txt	1202	3	123.0	124.0	135.0	69.0	118.0	118.0	197.0	152.0	139.0	122.0	90.0	87.0	140.0	105.0	82.0	102.0	118.0	135.0	107.0	120.0	115.0	101.0	136.0	132.0	123.0	94.0	49.0	96.0	113.0	129.0	94.0	78.0	92.0	106.0	170.0	148.0	116.0	216.0	51.0	125.0	122.0	91.0	105.0	189.0	21.0	171.0	39.0	187.0	68.0	109.0	96.0	129.0	103.0	119.0	75.0	95.0	133.0	68.0	96.0	87.0	88.0	90.0	127.0	126.0	68.0	141.0	179.0	161.0	159.0	114.0	75.0	111.0	154.0	113.0	163.0	118.0	159.0	119.0	107.0	79.0	76.0	160.0	112.0	105.0	129.0	204.0	134.0	111.0	96.0	137.0	135.0	110.0	124.0	110.0
alpha_rarefaction_1202_4.txt	1202	4	123.0	119.0	131.0	66.0	118.0	117.0	198.0	153.0	129.0	121.0	98.0	80.0	145.0	101.0	85.0	105.0	116.0	156.0	111.0	126.0	142.0	112.0	131.0	134.0	121.0	89.0	47.0	101.0	120.0	122.0	101.0	68.0	95.0	95.0	162.0	142.0	112.0	213.0	53.0	116.0	114.0	90.0	111.0	188.0	20.0	162.0	37.0	180.0	68.0	109.0	97.0	134.0	104.0	114.0	70.0	89.0	133.0	68.0	99.0	93.0	89.0	87.0	130.0	130.0	64.0	134.0	174.0	172.0	158.0	109.0	78.0	108.0	160.0	115.0	143.0	113.0	159.0	128.0	119.0	76.0	79.0	159.0	116.0	108.0	133.0	213.0	126.0	105.0	100.0	140.0	135.0	110.0	131.0	121.0
alpha_rarefaction_1202_5.txt	1202	5	123.0	116.0	134.0	76.0	111.0	109.0	211.0	149.0	141.0	121.0	93.0	83.0	142.0	106.0	89.0	108.0	119.0	136.0	110.0	132.0	127.0	109.0	138.0	121.0	128.0	103.0	52.0	98.0	116.0	129.0	96.0	78.0	90.0	94.0	152.0	147.0	111.0	200.0	57.0	113.0	125.0	83.0	97.0	187.0	22.0	169.0	34.0	181.0	64.0	113.0	95.0	130.0	106.0	118.0	71.0	97.0	139.0	64.0	87.0	82.0	89.0	89.0	129.0	118.0	62.0	137.0	178.0	167.0	149.0	117.0	79.0	105.0	155.0	114.0	171.0	112.0	159.0	129.0	102.0	80.0	74.0	151.0	117.0	114.0	130.0	211.0	122.0	104.0	95.0	134.0	131.0	100.0	125.0	111.0
alpha_rarefaction_1202_6.txt	1202	6	125.0	115.0	136.0	73.0	116.0	108.0	211.0	165.0	133.0	120.0	89.0	80.0	143.0	109.0	89.0	104.0	129.0	143.0	107.0	139.0	117.0	105.0	134.0	130.0	119.0	98.0	48.0	98.0	112.0	124.0	87.0	75.0	91.0	97.0	160.0	153.0	116.0	211.0	52.0	122.0	122.0	87.0	109.0	182.0	21.0	166.0	33.0	186.0	62.0	104.0	97.0	131.0	103.0	122.0	74.0	91.0	141.0	67.0	100.0	92.0	91.0	89.0	131.0	138.0	60.0	136.0	166.0	171.0	159.0	115.0	76.0	104.0	161.0	94.0	157.0	114.0	152.0	120.0	98.0	75.0	79.0	157.0	112.0	110.0	126.0	205.0	121.0	107.0	100.0	139.0	133.0	107.0	126.0	110.0
alpha_rarefaction_1202_7.txt	1202	7	114.0	119.0	142.0	70.0	116.0	120.0	208.0	149.0	131.0	118.0	88.0	82.0	144.0	108.0	86.0	100.0	119.0	132.0	107.0	135.0	118.0	105.0	138.0	127.0	120.0	90.0	46.0	97.0	112.0	132.0	89.0	72.0	92.0	104.0	142.0	137.0	115.0	208.0	53.0	111.0	117.0	92.0	106.0	182.0	22.0	176.0	34.0	183.0	69.0	110.0	103.0	131.0	101.0	120.0	76.0	99.0	139.0	74.0	99.0	92.0	93.0	89.0	137.0	129.0	60.0	139.0	177.0	162.0	166.0	113.0	79.0	108.0	167.0	120.0	150.0	113.0	150.0	132.0	100.0	79.0	76.0	165.0	114.0	110.0	134.0	211.0	128.0	111.0	90.0	132.0	138.0	108.0	123.0	113.0
alpha_rarefaction_1202_8.txt	1202	8	116.0	115.0	135.0	66.0	125.0	117.0	197.0	155.0	140.0	117.0	95.0	86.0	140.0	106.0	81.0	102.0	112.0	149.0	107.0	121.0	127.0	107.0	136.0	130.0	128.0	101.0	47.0	100.0	109.0	123.0	98.0	77.0	88.0	97.0	154.0	155.0	108.0	202.0	54.0	121.0	114.0	92.0	109.0	182.0	23.0	160.0	39.0	192.0	64.0	106.0	96.0	128.0	102.0	123.0	75.0	86.0	142.0	72.0	99.0	87.0	93.0	90.0	121.0	124.0	61.0	142.0	161.0	161.0	170.0	114.0	72.0	111.0	154.0	130.0	163.0	120.0	161.0	121.0	104.0	79.0	76.0	151.0	110.0	109.0	124.0	211.0	135.0	109.0	88.0	138.0	141.0	118.0	129.0	108.0
alpha_rarefaction_1202_9.txt	1202	9	119.0	120.0	134.0	67.0	117.0	119.0	194.0	148.0	140.0	132.0	95.0	85.0	143.0	108.0	89.0	103.0	121.0	145.0	105.0	127.0	113.0	112.0	132.0	119.0	124.0	97.0	49.0	102.0	121.0	128.0	94.0	73.0	97.0	97.0	159.0	144.0	107.0	206.0	55.0	116.0	114.0	85.0	106.0	178.0	22.0	168.0	42.0	176.0	72.0	106.0	94.0	131.0	105.0	122.0	76.0	93.0	137.0	70.0	95.0	92.0	97.0	89.0	128.0	123.0	64.0	136.0	177.0	168.0	168.0	126.0	75.0	103.0	166.0	109.0	151.0	125.0	166.0	119.0	103.0	73.0	83.0	149.0	105.0	106.0	138.0	209.0	124.0	108.0	86.0	132.0	143.0	114.0	130.0	110.0
alpha_rarefaction_1351_0.txt	1351	0	120.0	124.0	140.0	78.0	123.0	115.0	212.0	163.0	145.0	123.0	98.0	91.0	142.0	107.0	94.0	104.0	128.0	137.0	120.0	139.0	125.0	111.0	139.0	133.0	134.0	105.0	46.0	103.0	117.0	131.0	94.0	83.0	95.0	100.0	160.0	153.0	124.0	217.0	53.0	119.0	122.0	92.0	107.0	193.0	23.0	183.0	39.0	192.0	63.0	111.0	90.0	135.0	107.0	126.0	78.0	97.0	139.0	72.0	97.0	91.0	95.0	91.0	131.0	140.0	63.0	135.0	183.0	170.0	173.0	119.0	85.0	104.0	167.0	126.0	173.0	116.0	169.0	120.0	97.0	80.0	83.0	162.0	115.0	117.0	137.0	223.0	132.0	110.0	103.0	137.0	154.0	117.0	138.0	116.0
alpha_rarefaction_1351_1.txt	1351	1	126.0	130.0	140.0	76.0	130.0	124.0	220.0	147.0	142.0	129.0	95.0	88.0	155.0	109.0	90.0	111.0	121.0	155.0	108.0	125.0	126.0	111.0	142.0	131.0	126.0	94.0	50.0	111.0	124.0	125.0	96.0	76.0	92.0	106.0	155.0	144.0	128.0	225.0	52.0	119.0	127.0	93.0	113.0	195.0	23.0	173.0	39.0	195.0	67.0	111.0	102.0	127.0	107.0	124.0	75.0	100.0	139.0	67.0	103.0	97.0	96.0	91.0	134.0	136.0	69.0	140.0	191.0	168.0	169.0	123.0	75.0	105.0	166.0	115.0	168.0	126.0	155.0	113.0	110.0	75.0	83.0	167.0	117.0	112.0	136.0	213.0	127.0	119.0	97.0	142.0	148.0	116.0	125.0	114.0
alpha_rarefaction_1351_2.txt	1351	2	128.0	120.0	142.0	76.0	115.0	115.0	217.0	163.0	142.0	126.0	97.0	85.0	142.0	108.0	87.0	103.0	120.0	151.0	121.0	123.0	134.0	108.0	140.0	134.0	133.0	95.0	50.0	101.0	108.0	134.0	102.0	83.0	95.0	112.0	164.0	143.0	114.0	212.0	57.0	119.0	120.0	91.0	108.0	189.0	22.0	174.0	36.0	186.0	70.0	109.0	101.0	132.0	104.0	132.0	75.0	106.0	129.0	73.0	90.0	101.0	92.0	88.0	135.0	139.0	69.0	147.0	178.0	173.0	156.0	117.0	77.0	109.0	171.0	122.0	163.0	129.0	163.0	114.0	102.0	77.0	84.0	169.0	117.0	107.0	131.0	226.0	139.0	116.0	95.0	138.0	135.0	113.0	132.0	117.0
alpha_rarefaction_1351_3.txt	1351	3	126.0	126.0	137.0	70.0	135.0	123.0	214.0	166.0	139.0	125.0	100.0	89.0	145.0	116.0	93.0	105.0	113.0	150.0	119.0	138.0	121.0	112.0	145.0	129.0	143.0	103.0	50.0	101.0	120.0	132.0	100.0	73.0	98.0	107.0	157.0	143.0	130.0	213.0	52.0	117.0	118.0	95.0	118.0	192.0	20.0	180.0	39.0	191.0	65.0	112.0	98.0	136.0	108.0	130.0	71.0	94.0	135.0	78.0	103.0	87.0	93.0	93.0	132.0	124.0	65.0	148.0	167.0	179.0	172.0	117.0	82.0	114.0	169.0	118.0	159.0	114.0	164.0	120.0	103.0	73.0	83.0	165.0	114.0	113.0	145.0	218.0	142.0	108.0	97.0	140.0	143.0	118.0	135.0	117.0
alpha_rarefaction_1351_4.txt	1351	4	123.0	130.0	141.0	75.0	123.0	117.0	209.0	152.0	144.0	122.0	98.0	90.0	137.0	108.0	88.0	106.0	125.0	152.0	116.0	119.0	118.0	106.0	142.0	134.0	126.0	100.0	48.0	98.0	110.0	133.0	96.0	73.0	92.0	108.0	170.0	149.0	118.0	218.0	51.0	120.0	115.0	95.0	112.0	184.0	23.0	174.0	38.0	194.0	72.0	109.0	100.0	136.0	111.0	127.0	76.0	93.0	152.0	77.0	89.0	97.0	94.0	89.0	139.0	118.0	61.0	139.0	185.0	185.0	165.0	118.0	82.0	110.0	156.0	110.0	167.0	118.0	165.0	131.0	110.0	79.0	76.0	156.0	115.0	115.0	138.0	201.0	124.0	114.0	95.0	140.0	142.0	115.0	130.0	112.0
alpha_rarefaction_1351_5.txt	1351	5	126.0	131.0	150.0	73.0	128.0	117.0	205.0	172.0	139.0	126.0	100.0	80.0	144.0	108.0	92.0	104.0	126.0	145.0	110.0	126.0	129.0	113.0	144.0	136.0	134.0	97.0	53.0	105.0	118.0	138.0	99.0	73.0	99.0	101.0	158.0	154.0	123.0	225.0	55.0	121.0	125.0	90.0	109.0	184.0	21.0	175.0	37.0	186.0	69.0	115.0	105.0	133.0	108.0	124.0	81.0	101.0	137.0	74.0	106.0	91.0	95.0	90.0	132.0	130.0	63.0	140.0	173.0	172.0	160.0	110.0	77.0	110.0	158.0	115.0	170.0	117.0	169.0	111.0	113.0	71.0	81.0	158.0	113.0	112.0	143.0	228.0	139.0	108.0	99.0	135.0	140.0	119.0	124.0	125.0
alpha_rarefaction_1351_6.txt	1351	6	128.0	121.0	144.0	73.0	130.0	120.0	209.0	160.0	148.0	124.0	94.0	84.0	150.0	106.0	95.0	105.0	128.0	155.0	116.0	139.0	127.0	116.0	140.0	134.0	131.0	102.0	52.0	96.0	121.0	129.0	98.0	77.0	96.0	111.0	162.0	151.0	106.0	218.0	54.0	116.0	119.0	93.0	113.0	199.0	23.0	172.0	35.0	191.0	68.0	114.0	104.0	137.0	108.0	125.0	76.0	104.0	140.0	77.0	90.0	85.0	90.0	92.0	132.0	125.0	60.0	140.0	181.0	172.0	160.0	116.0	82.0	111.0	170.0	114.0	165.0	125.0	163.0	115.0	105.0	77.0	79.0	166.0	119.0	112.0	138.0	213.0	132.0	107.0	98.0	137.0	138.0	118.0	137.0	113.0
alpha_rarefaction_1351_7.txt	1351	7	123.0	119.0	139.0	66.0	121.0	124.0	206.0	153.0	143.0	128.0	102.0	85.0	145.0	115.0	87.0	105.0	114.0	150.0	109.0	138.0	122.0	113.0	140.0	128.0	141.0	97.0	51.0	100.0	127.0	138.0	96.0	91.0	98.0	96.0	165.0	158.0	107.0	214.0	53.0	121.0	125.0	88.0	102.0	193.0	23.0	172.0	40.0	192.0	65.0	106.0	98.0	136.0	104.0	127.0	75.0	100.0	132.0	70.0	96.0	85.0	97.0	95.0	132.0	131.0	61.0	148.0	181.0	158.0	166.0	122.0	84.0	117.0	167.0	122.0	168.0	117.0	163.0	123.0	106.0	82.0	83.0	159.0	110.0	112.0	130.0	209.0	134.0	121.0	97.0	137.0	141.0	117.0	130.0	107.0
alpha_rarefaction_1351_8.txt	1351	8	124.0	122.0	137.0	75.0	121.0	116.0	208.0	161.0	145.0	127.0	99.0	92.0	142.0	110.0	98.0	105.0	125.0	150.0	117.0	136.0	134.0	105.0	146.0	142.0	136.0	99.0	47.0	107.0	114.0	134.0	103.0	70.0	100.0	106.0	168.0	153.0	128.0	222.0	51.0	115.0	120.0	99.0	115.0	191.0	18.0	182.0	41.0	188.0	70.0	113.0	99.0	133.0	105.0	129.0	75.0	106.0	140.0	68.0	102.0	88.0	93.0	93.0	126.0	138.0	68.0	139.0	178.0	171.0	171.0	124.0	81.0	111.0	165.0	115.0	165.0	113.0	169.0	127.0	114.0	79.0	76.0	166.0	120.0	107.0	135.0	206.0	125.0	108.0	99.0	142.0	153.0	103.0	138.0	113.0
alpha_rarefaction_1351_9.txt	1351	9	123.0	123.0	139.0	70.0	120.0	117.0	220.0	150.0	139.0	128.0	96.0	81.0	150.0	113.0	86.0	108.0	110.0	153.0	121.0	125.0	130.0	110.0	146.0	132.0	135.0	107.0	50.0	107.0	114.0	133.0	90.0	78.0	90.0	101.0	162.0	150.0	127.0	218.0	52.0	132.0	129.0	92.0	114.0	201.0	21.0	175.0	41.0	198.0	70.0	106.0	90.0	133.0	110.0	125.0	73.0	92.0	137.0	67.0	92.0	93.0	97.0	95.0	124.0	134.0	68.0	143.0	177.0	172.0	170.0	123.0	79.0	113.0	174.0	122.0	168.0	121.0	173.0	121.0	116.0	75.0	78.0	159.0	107.0	113.0	134.0	221.0	128.0	113.0	97.0	141.0	153.0	105.0	126.0	121.0
alpha_rarefaction_1500_0.txt	1500	0	132.0	133.0	151.0	75.0	127.0	115.0	209.0	170.0	146.0	132.0	103.0	89.0	150.0	116.0	99.0	110.0	123.0	156.0	111.0	139.0	133.0	113.0	149.0	135.0	143.0	101.0	52.0	104.0	119.0	142.0	97.0	83.0	97.0	112.0	184.0	156.0	126.0	231.0	56.0	119.0	129.0	98.0	103.0	201.0	23.0	178.0	42.0	204.0	70.0	114.0	92.0	135.0	108.0	128.0	82.0	101.0	140.0	73.0	114.0	94.0	93.0	88.0	144.0	135.0	68.0	145.0	187.0	181.0	174.0	126.0	86.0	114.0	175.0	125.0	168.0	127.0	183.0	121.0	109.0	81.0	77.0	170.0	117.0	114.0	141.0	223.0	142.0	128.0	101.0	143.0	153.0	122.0	147.0	124.0
alpha_rarefaction_1500_1.txt	1500	1	124.0	124.0	144.0	75.0	125.0	126.0	214.0	163.0	139.0	131.0	93.0	84.0	149.0	109.0	92.0	109.0	126.0	159.0	109.0	137.0	135.0	117.0	146.0	144.0	134.0	105.0	46.0	111.0	122.0	134.0	98.0	83.0	97.0	108.0	174.0	154.0	127.0	235.0	55.0	127.0	129.0	103.0	117.0	197.0	21.0	176.0	38.0	206.0	68.0	114.0	100.0	135.0	112.0	126.0	83.0	99.0	142.0	73.0	109.0	95.0	91.0	90.0	130.0	145.0	70.0	151.0	186.0	174.0	177.0	128.0	80.0	117.0	184.0	126.0	173.0	124.0	162.0	126.0	108.0	86.0	76.0	167.0	122.0	118.0	155.0	232.0	143.0	118.0	104.0	144.0	143.0	116.0	135.0	118.0
alpha_rarefaction_1500_2.txt	1500	2	141.0	128.0	142.0	76.0	139.0	125.0	216.0	173.0	145.0	130.0	105.0	104.0	156.0	108.0	100.0	108.0	129.0	160.0	112.0	143.0	133.0	113.0	139.0	134.0	142.0	100.0	53.0	109.0	123.0	135.0	102.0	80.0	97.0	110.0	167.0	161.0	112.0	220.0	53.0	132.0	131.0	95.0	114.0	203.0	19.0	170.0	41.0	203.0	70.0	115.0	102.0	136.0	110.0	130.0	85.0	99.0	140.0	75.0	106.0	94.0	97.0	95.0	141.0	133.0	64.0	153.0	181.0	183.0	170.0	129.0	82.0	117.0	174.0	124.0	165.0	125.0	170.0	120.0	109.0	82.0	82.0	160.0	115.0	119.0	148.0	226.0	147.0	118.0	102.0	142.0	153.0	118.0	134.0	126.0
alpha_rarefaction_1500_3.txt	1500	3	129.0	129.0	137.0	76.0	130.0	118.0	222.0	158.0	141.0	133.0	95.0	91.0	161.0	117.0	90.0	111.0	126.0	142.0	116.0	148.0	138.0	110.0	140.0	139.0	133.0	106.0	53.0	108.0	123.0	139.0	97.0	77.0	98.0	104.0	187.0	151.0	121.0	236.0	59.0	122.0	128.0	92.0	115.0	213.0	22.0	183.0	36.0	202.0	68.0	107.0	94.0	136.0	112.0	123.0	81.0	96.0	154.0	73.0	107.0	94.0	94.0	86.0	129.0	135.0	71.0	146.0	184.0	184.0	163.0	133.0	84.0	107.0	180.0	115.0	174.0	123.0	165.0	118.0	105.0	68.0	78.0	166.0	117.0	124.0	146.0	223.0	134.0	126.0	96.0	141.0	157.0	124.0	135.0	123.0
alpha_rarefaction_1500_4.txt	1500	4	121.0	133.0	151.0	74.0	133.0	127.0	220.0	163.0	146.0	137.0	94.0	94.0	147.0	110.0	98.0	106.0	123.0	159.0	114.0	142.0	142.0	115.0	147.0	145.0	136.0	102.0	57.0	102.0	127.0	138.0	99.0	80.0	96.0	108.0	161.0	150.0	124.0	227.0	57.0	124.0	125.0	94.0	109.0	207.0	20.0	173.0	38.0	199.0	71.0	118.0	94.0	136.0	108.0	124.0	77.0	94.0	145.0	77.0	107.0	93.0	94.0	90.0	140.0	138.0	63.0	148.0	177.0	172.0	176.0	120.0	83.0	114.0	164.0	116.0	164.0	126.0	170.0	124.0	110.0	86.0	83.0	158.0	125.0	109.0	150.0	219.0	137.0	115.0	104.0	142.0	142.0	111.0	130.0	118.0
alpha_rarefaction_1500_5.txt	1500	5	134.0	119.0	150.0	76.0	126.0	127.0	217.0	175.0	145.0	132.0	101.0	89.0	155.0	111.0	88.0	107.0	122.0	143.0	121.0	143.0	137.0	116.0	146.0	141.0	142.0	101.0	52.0	112.0	127.0	130.0	98.0	84.0	89.0	109.0	170.0	159.0	120.0	217.0	53.0	126.0	128.0	92.0	114.0	206.0	21.0	171.0	41.0	204.0	75.0	119.0	98.0	136.0	107.0	133.0	75.0	101.0	137.0	77.0	104.0	93.0	95.0	89.0	141.0	136.0	59.0	153.0	186.0	171.0	183.0	120.0	87.0	112.0	173.0	122.0	174.0	124.0	166.0	130.0	108.0	70.0	78.0	162.0	111.0	112.0	142.0	219.0	145.0	122.0	101.0	142.0	151.0	114.0	136.0	120.0
alpha_rarefaction_1500_6.txt	1500	6	139.0	129.0	146.0	72.0	139.0	120.0	214.0	164.0	134.0	132.0	92.0	92.0	156.0	116.0	91.0	107.0	134.0	158.0	115.0	135.0	134.0	114.0	146.0	142.0	130.0	104.0	53.0	103.0	123.0	135.0	100.0	82.0	89.0	116.0	172.0	162.0	130.0	223.0	56.0	118.0	136.0	105.0	119.0	190.0	25.0	188.0	38.0	208.0	68.0	105.0	103.0	135.0	110.0	137.0	76.0	102.0	136.0	77.0	102.0	92.0	97.0	95.0	147.0	134.0	76.0	144.0	197.0	178.0	183.0	126.0	86.0	113.0	184.0	124.0	179.0	128.0	174.0	124.0	108.0	80.0	78.0	165.0	124.0	123.0	143.0	229.0	136.0	115.0	98.0	142.0	150.0	123.0	137.0	121.0
alpha_rarefaction_1500_7.txt	1500	7	136.0	132.0	150.0	77.0	135.0	121.0	227.0	178.0	146.0	135.0	97.0	94.0	146.0	108.0	108.0	107.0	128.0	141.0	118.0	132.0	138.0	112.0	142.0	144.0	138.0	104.0	47.0	120.0	118.0	136.0	101.0	79.0	93.0	109.0	170.0	155.0	119.0	222.0	54.0	132.0	133.0	89.0	112.0	197.0	23.0	179.0	35.0	206.0	68.0	116.0	97.0	137.0	110.0	126.0	80.0	94.0	145.0	71.0	113.0	88.0	100.0	85.0	151.0	146.0	65.0	150.0	186.0	196.0	167.0	122.0	86.0	117.0	186.0	121.0	175.0	127.0	176.0	131.0	105.0	76.0	81.0	161.0	121.0	111.0	141.0	232.0	137.0	116.0	100.0	140.0	150.0	107.0	134.0	123.0
alpha_rarefaction_1500_8.txt	1500	8	134.0	131.0	152.0	75.0	132.0	121.0	217.0	161.0	140.0	136.0	98.0	99.0	157.0	110.0	98.0	108.0	126.0	155.0	109.0	145.0	133.0	112.0	143.0	133.0	134.0	102.0	51.0	114.0	125.0	137.0	101.0	84.0	99.0	108.0	178.0	157.0	134.0	220.0	56.0	121.0	123.0	94.0	124.0	197.0	21.0	186.0	41.0	197.0	65.0	116.0	104.0	135.0	112.0	123.0	78.0	103.0	149.0	81.0	99.0	98.0	99.0	88.0	136.0	138.0	61.0	155.0	189.0	175.0	171.0	126.0	85.0	115.0	180.0	126.0	167.0	112.0	165.0	119.0	118.0	84.0	84.0	163.0	116.0	119.0	144.0	245.0	138.0	112.0	102.0	142.0	154.0	123.0	134.0	119.0
alpha_rarefaction_1500_9.txt	1500	9	129.0	124.0	141.0	76.0	133.0	126.0	221.0	164.0	145.0	129.0	102.0	86.0	143.0	118.0	99.0	107.0	117.0	161.0	113.0	127.0	132.0	113.0	145.0	139.0	139.0	102.0	50.0	103.0	128.0	140.0	102.0	86.0	104.0	105.0	179.0	151.0	122.0	230.0	59.0	124.0	118.0	101.0	116.0	197.0	22.0	190.0	40.0	206.0	72.0	120.0	101.0	137.0	108.0	133.0	76.0	95.0	142.0	74.0	96.0	101.0	96.0	95.0	143.0	126.0	65.0	154.0	201.0	182.0	167.0	128.0	85.0	106.0	164.0	125.0	173.0	124.0	167.0	126.0	110.0	76.0	77.0	165.0	125.0	119.0	147.0	234.0	143.0	127.0	99.0	140.0	144.0	119.0	129.0	125.0