	sequences per sample	iteration	10317.000033729	10317.000041251	10317.000016493	10317.000051204	10317.000052041	10317.000014528	10317.000043200	10317.000040414	10317.000046111	10317.000022510	10317.000052274	10317.000062990	10317.000062082	10317.000041278	10317.000066594	10317.000043169	10317.000039600	10317.000035470	10317.000049819	10317.000069167	10317.000068291	10317.000040003	10317.000023965	10317.000047783	10317.000031484	10317.000062952	10317.000049934	10317.000069195	10317.000039516	10317.000031892	10317.000039978	10317.000041831	10317.000028819	10317.000052273	10317.000052421	10317.000045025	10317.000041334	10317.000037524	10317.000028820	10317.000041060	10317.000022952	10317.000051202	10317.000054099	10317.000035402	10317.000016349	10317.000052279	10317.000039525	10317.000043090	10317.000047833	10317.000028905	10317.000039953	10317.000023973	10317.000052430	10317.000046186	10317.000062954	10317.000039918	10317.000043218	10317.000052029	10317.000049730	10317.000021692	10317.000058489	10317.000062991	10317.000040130	10317.000040357	10317.000063023	10317.000052050	10317.000039554	10317.000066924	10317.000043117	10317.000039521	10317.000041522	10317.000034177	10317.000046085	10317.000033748	10317.000052324	10317.000031270	10317.000068300	10317.000054311	10317.000021693	10317.000041370	10317.000040033	10317.000040397	10317.000052270	10317.000034178	10317.000031348	10317.000052003	10317.000040157	10317.000051180	10317.000046112	10317.000039986	10317.000042738	10317.000039619	10317.000068288	10317.000046217
alpha_rarefaction_10_0.txt	10	0	9.0	8.0	10.0	7.0	5.0	7.0	9.0	9.0	9.0	9.0	7.0	6.0	8.0	9.0	8.0	6.0	8.0	7.0	8.0	8.0	8.0	7.0	9.0	8.0	9.0	8.0	6.0	8.0	8.0	10.0	8.0	4.0	7.0	7.0	8.0	7.0	8.0	7.0	4.0	8.0	10.0	6.0	7.0	7.0	4.0	10.0	3.0	10.0	8.0	8.0	8.0	9.0	9.0	7.0	5.0	7.0	7.0	9.0	3.0	7.0	9.0	10.0	6.0	8.0	5.0	8.0	10.0	10.0	9.0	7.0	8.0	8.0	5.0	6.0	9.0	8.0	8.0	7.0	7.0	7.0	6.0	10.0	7.0	10.0	6.0	9.0	8.0	6.0	5.0	9.0	8.0	5.0	9.0	9.0
alpha_rarefaction_10_1.txt	10	1	9.0	10.0	10.0	9.0	4.0	8.0	9.0	7.0	8.0	8.0	6.0	8.0	9.0	8.0	8.0	8.0	9.0	10.0	8.0	7.0	8.0	9.0	8.0	8.0	6.0	9.0	4.0	7.0	8.0	8.0	6.0	4.0	7.0	8.0	5.0	9.0	9.0	7.0	4.0	7.0	7.0	6.0	9.0	9.0	5.0	9.0	5.0	10.0	7.0	9.0	6.0	10.0	9.0	10.0	2.0	10.0	8.0	8.0	4.0	6.0	6.0	9.0	8.0	9.0	6.0	9.0	9.0	9.0	8.0	8.0	8.0	6.0	10.0	4.0	10.0	10.0	8.0	5.0	8.0	7.0	4.0	10.0	8.0	8.0	7.0	9.0	10.0	7.0	7.0	9.0	10.0	6.0	7.0	7.0
alpha_rarefaction_10_2.txt	10	2	8.0	9.0	10.0	7.0	4.0	9.0	10.0	9.0	10.0	10.0	9.0	9.0	9.0	8.0	6.0	6.0	9.0	8.0	8.0	9.0	7.0	7.0	8.0	10.0	8.0	8.0	5.0	6.0	8.0	9.0	8.0	3.0	8.0	7.0	7.0	10.0	10.0	10.0	3.0	10.0	9.0	7.0	7.0	9.0	8.0	10.0	4.0	9.0	8.0	10.0	9.0	8.0	6.0	9.0	8.0	9.0	9.0	8.0	4.0	8.0	6.0	8.0	8.0	8.0	8.0	10.0	8.0	9.0	9.0	8.0	7.0	4.0	8.0	8.0	8.0	7.0	7.0	8.0	9.0	6.0	7.0	8.0	9.0	9.0	9.0	9.0	8.0	8.0	7.0	10.0	6.0	7.0	7.0	8.0
alpha_rarefaction_10_3.txt	10	3	9.0	7.0	8.0	9.0	6.0	9.0	8.0	8.0	8.0	7.0	10.0	8.0	10.0	8.0	6.0	9.0	8.0	9.0	9.0	8.0	8.0	5.0	8.0	9.0	7.0	9.0	6.0	8.0	9.0	9.0	7.0	4.0	9.0	8.0	8.0	10.0	7.0	6.0	6.0	6.0	9.0	7.0	7.0	9.0	6.0	10.0	6.0	8.0	9.0	8.0	8.0	9.0	9.0	6.0	5.0	7.0	8.0	7.0	6.0	9.0	4.0	7.0	8.0	9.0	7.0	10.0	8.0	9.0	10.0	7.0	5.0	4.0	9.0	8.0	9.0	10.0	8.0	8.0	8.0	6.0	7.0	9.0	9.0	7.0	8.0	9.0	8.0	9.0	8.0	10.0	8.0	6.0	10.0	8.0
alpha_rarefaction_10_4.txt	10	4	7.0	8.0	7.0	8.0	4.0	8.0	9.0	10.0	9.0	9.0	7.0	6.0	10.0	7.0	7.0	7.0	10.0	10.0	8.0	8.0	8.0	9.0	8.0	8.0	7.0	9.0	6.0	8.0	6.0	10.0	10.0	6.0	6.0	9.0	7.0	9.0	9.0	10.0	6.0	6.0	7.0	7.0	8.0	10.0	6.0	10.0	6.0	8.0	9.0	8.0	9.0	9.0	8.0	9.0	5.0	9.0	9.0	8.0	6.0	8.0	4.0	9.0	9.0	8.0	7.0	9.0	10.0	8.0	5.0	7.0	6.0	5.0	8.0	3.0	10.0	10.0	9.0	10.0	7.0	6.0	8.0	9.0	10.0	9.0	9.0	10.0	9.0	9.0	8.0	8.0	7.0	8.0	8.0	9.0
alpha_rarefaction_10_5.txt	10	5	9.0	9.0	9.0	8.0	4.0	5.0	10.0	9.0	9.0	5.0	4.0	7.0	8.0	8.0	9.0	10.0	8.0	9.0	8.0	9.0	9.0	8.0	7.0	8.0	9.0	10.0	9.0	7.0	6.0	9.0	10.0	6.0	8.0	7.0	9.0	10.0	10.0	9.0	6.0	7.0	9.0	7.0	5.0	10.0	6.0	7.0	4.0	10.0	8.0	8.0	9.0	9.0	8.0	8.0	4.0	9.0	9.0	7.0	8.0	8.0	6.0	7.0	10.0	10.0	6.0	9.0	9.0	8.0	7.0	8.0	8.0	7.0	10.0	8.0	9.0	8.0	9.0	7.0	9.0	8.0	8.0	10.0	9.0	9.0	8.0	10.0	10.0	8.0	6.0	9.0	9.0	7.0	10.0	8.0
alpha_rarefaction_10_6.txt	10	6	10.0	8.0	8.0	9.0	6.0	8.0	9.0	8.0	10.0	9.0	8.0	7.0	9.0	9.0	6.0	10.0	8.0	9.0	7.0	9.0	9.0	9.0	9.0	8.0	9.0	9.0	7.0	7.0	8.0	6.0	9.0	5.0	6.0	6.0	6.0	8.0	9.0	8.0	3.0	6.0	9.0	6.0	8.0	9.0	5.0	8.0	5.0	9.0	9.0	8.0	7.0	9.0	8.0	9.0	8.0	8.0	8.0	8.0	4.0	8.0	8.0	9.0	8.0	9.0	7.0	10.0	10.0	10.0	8.0	7.0	8.0	5.0	9.0	9.0	7.0	9.0	10.0	4.0	8.0	9.0	7.0	8.0	8.0	8.0	8.0	7.0	8.0	9.0	8.0	10.0	9.0	7.0	9.0	9.0
alpha_rarefaction_10_7.txt	10	7	9.0	8.0	9.0	9.0	4.0	7.0	10.0	9.0	6.0	6.0	7.0	10.0	9.0	10.0	8.0	9.0	8.0	9.0	7.0	9.0	9.0	8.0	8.0	7.0	8.0	8.0	4.0	7.0	6.0	9.0	8.0	5.0	7.0	8.0	8.0	10.0	8.0	9.0	6.0	7.0	7.0	6.0	7.0	9.0	7.0	10.0	5.0	6.0	8.0	9.0	6.0	9.0	8.0	6.0	4.0	8.0	8.0	8.0	8.0	7.0	5.0	7.0	8.0	8.0	6.0	8.0	7.0	7.0	9.0	9.0	5.0	8.0	7.0	8.0	8.0	8.0	8.0	9.0	7.0	7.0	6.0	8.0	8.0	9.0	8.0	10.0	8.0	9.0	7.0	10.0	10.0	9.0	7.0	9.0
alpha_rarefaction_10_8.txt	10	8	7.0	9.0	9.0	7.0	4.0	9.0	10.0	8.0	8.0	10.0	4.0	8.0	9.0	8.0	9.0	9.0	10.0	8.0	8.0	8.0	9.0	9.0	10.0	10.0	6.0	8.0	6.0	5.0	9.0	10.0	8.0	3.0	7.0	8.0	8.0	10.0	8.0	10.0	6.0	9.0	9.0	7.0	10.0	9.0	6.0	9.0	5.0	8.0	9.0	9.0	8.0	8.0	10.0	10.0	8.0	9.0	9.0	6.0	6.0	8.0	6.0	7.0	8.0	9.0	6.0	8.0	9.0	9.0	9.0	9.0	6.0	7.0	8.0	7.0	8.0	6.0	6.0	10.0	6.0	5.0	10.0	10.0	8.0	9.0	6.0	9.0	9.0	9.0	7.0	9.0	9.0	9.0	9.0	6.0
alpha_rarefaction_10_9.txt	10	9	9.0	5.0	7.0	8.0	6.0	7.0	10.0	8.0	10.0	9.0	6.0	7.0	8.0	7.0	7.0	7.0	10.0	9.0	8.0	7.0	8.0	7.0	8.0	10.0	6.0	8.0	8.0	6.0	9.0	8.0	8.0	5.0	10.0	7.0	7.0	10.0	10.0	9.0	5.0	7.0	7.0	9.0	7.0	10.0	8.0	10.0	5.0	9.0	6.0	9.0	5.0	10.0	10.0	8.0	6.0	7.0	7.0	8.0	4.0	8.0	5.0	10.0	9.0	8.0	6.0	9.0	9.0	9.0	8.0	10.0	9.0	6.0	8.0	5.0	9.0	8.0	9.0	6.0	8.0	7.0	7.0	10.0	9.0	7.0	6.0	10.0	9.0	8.0	6.0	9.0	8.0	6.0	9.0	10.0
alpha_rarefaction_159_0.txt	159	0	53.0	54.0	61.0	35.0	37.0	46.0	87.0	60.0	47.0	59.0	35.0	41.0	63.0	52.0	44.0	55.0	44.0	53.0	44.0	56.0	51.0	47.0	57.0	59.0	58.0	52.0	24.0	35.0	38.0	56.0	42.0	18.0	38.0	42.0	55.0	68.0	47.0	75.0	26.0	47.0	56.0	42.0	39.0	63.0	14.0	66.0	19.0	66.0	41.0	51.0	45.0	63.0	51.0	52.0	32.0	44.0	58.0	32.0	25.0	44.0	47.0	45.0	56.0	47.0	32.0	56.0	69.0	62.0	46.0	59.0	29.0	46.0	57.0	49.0	67.0	51.0	69.0	51.0	45.0	34.0	35.0	71.0	48.0	48.0	48.0	75.0	53.0	53.0	39.0	57.0	56.0	44.0	53.0	54.0
alpha_rarefaction_159_1.txt	159	1	48.0	53.0	58.0	42.0	41.0	46.0	78.0	63.0	52.0	46.0	33.0	36.0	70.0	44.0	39.0	51.0	55.0	52.0	41.0	48.0	54.0	51.0	49.0	62.0	47.0	39.0	26.0	47.0	43.0	59.0	40.0	27.0	40.0	41.0	66.0	59.0	44.0	79.0	24.0	49.0	49.0	42.0	49.0	70.0	13.0	63.0	18.0	67.0	34.0	50.0	43.0	58.0	53.0	56.0	27.0	41.0	61.0	39.0	32.0	46.0	31.0	42.0	52.0	59.0	26.0	51.0	60.0	59.0	54.0	56.0	27.0	45.0	71.0	54.0	67.0	61.0	59.0	46.0	45.0	35.0	31.0	62.0	50.0	55.0	49.0	71.0	53.0	46.0	39.0	61.0	53.0	50.0	51.0	47.0
alpha_rarefaction_159_2.txt	159	2	56.0	47.0	60.0	35.0	34.0	43.0	80.0	53.0	49.0	46.0	36.0	39.0	62.0	52.0	34.0	53.0	55.0	54.0	44.0	52.0	49.0	49.0	53.0	58.0	54.0	48.0	26.0	42.0	45.0	57.0	47.0	19.0	41.0	46.0	55.0	66.0	49.0	77.0	24.0	49.0	52.0	38.0	51.0	69.0	15.0	69.0	17.0	69.0	34.0	47.0	44.0	65.0	48.0	52.0	31.0	45.0	55.0	32.0	28.0	43.0	39.0	45.0	60.0	55.0	24.0	55.0	69.0	57.0	60.0	53.0	32.0	42.0	55.0	51.0	66.0	50.0	62.0	53.0	42.0	42.0	39.0	62.0	50.0	49.0	46.0	76.0	53.0	48.0	37.0	60.0	61.0	51.0	45.0	52.0
alpha_rarefaction_159_3.txt	159	3	49.0	56.0	60.0	41.0	42.0	50.0	86.0	55.0	62.0	45.0	44.0	42.0	63.0	50.0	39.0	54.0	50.0	56.0	49.0	51.0	55.0	51.0	58.0	58.0	41.0	51.0	27.0	39.0	37.0	68.0	41.0	24.0	35.0	38.0	52.0	62.0	47.0	84.0	26.0	44.0	59.0	34.0	42.0	66.0	15.0	73.0	18.0	64.0	34.0	55.0	46.0	63.0	53.0	51.0	29.0	45.0	52.0	32.0	28.0	44.0	37.0	44.0	48.0	50.0	23.0	59.0	71.0	54.0	58.0	54.0	30.0	41.0	61.0	47.0	67.0	56.0	56.0	46.0	49.0	33.0	39.0	69.0	53.0	49.0	57.0	77.0	52.0	52.0	43.0	59.0	70.0	48.0	54.0	48.0
alpha_rarefaction_159_4.txt	159	4	50.0	55.0	61.0	32.0	43.0	44.0	83.0	58.0	49.0	44.0	33.0	40.0	68.0	55.0	34.0	58.0	48.0	47.0	44.0	52.0	51.0	52.0	54.0	56.0	48.0	51.0	29.0	37.0	43.0	64.0	39.0	29.0	44.0	43.0	55.0	62.0	48.0	77.0	27.0	47.0	51.0	40.0	52.0	66.0	16.0	60.0	20.0	67.0	39.0	47.0	39.0	69.0	45.0	54.0	32.0	48.0	56.0	36.0	32.0	40.0	37.0	45.0	51.0	56.0	23.0	58.0	67.0	70.0	58.0	52.0	31.0	48.0	66.0	53.0	57.0	56.0	62.0	45.0	45.0	35.0	42.0	65.0	48.0	58.0	50.0	76.0	51.0	52.0	36.0	56.0	53.0	61.0	55.0	53.0
alpha_rarefaction_159_5.txt	159	5	50.0	57.0	57.0	34.0	34.0	48.0	82.0	65.0	50.0	53.0	45.0	43.0	69.0	50.0	37.0	55.0	47.0	53.0	43.0	52.0	47.0	51.0	61.0	58.0	51.0	49.0	23.0	42.0	49.0	61.0	42.0	26.0	39.0	42.0	51.0	74.0	45.0	76.0	24.0	50.0	58.0	46.0	43.0	63.0	15.0	63.0	19.0	72.0	38.0	53.0	43.0	61.0	54.0	50.0	36.0	53.0	60.0	37.0	29.0	44.0	33.0	45.0	58.0	51.0	28.0	54.0	62.0	63.0	59.0	52.0	32.0	48.0	63.0	43.0	55.0	61.0	62.0	46.0	49.0	35.0	41.0	65.0	45.0	51.0	50.0	77.0	64.0	48.0	32.0	61.0	55.0	46.0	52.0	46.0
alpha_rarefaction_159_6.txt	159	6	43.0	50.0	67.0	37.0	42.0	46.0	81.0	61.0	56.0	55.0	40.0	39.0	64.0	53.0	41.0	54.0	51.0	56.0	53.0	51.0	48.0	51.0	63.0	59.0	45.0	47.0	28.0	44.0	46.0	58.0	48.0	19.0	32.0	38.0	50.0	69.0	54.0	73.0	28.0	46.0	51.0	38.0	43.0	69.0	12.0	71.0	20.0	77.0	37.0	50.0	43.0	62.0	48.0	51.0	35.0	45.0	61.0	34.0	23.0	45.0	34.0	47.0	53.0	53.0	22.0	60.0	65.0	59.0	51.0	53.0	35.0	44.0	61.0	48.0	64.0	54.0	58.0	48.0	42.0	37.0	38.0	66.0	53.0	49.0	48.0	76.0	56.0	42.0	46.0	72.0	53.0	51.0	53.0	58.0
alpha_rarefaction_159_7.txt	159	7	49.0	42.0	63.0	36.0	40.0	46.0	77.0	63.0	45.0	44.0	38.0	35.0	67.0	45.0	39.0	48.0	52.0	53.0	50.0	47.0	52.0	52.0	59.0	51.0	51.0	49.0	25.0	37.0	42.0	52.0	41.0	20.0	38.0	39.0	62.0	72.0	43.0	79.0	24.0	49.0	53.0	43.0	52.0	69.0	13.0	68.0	20.0	66.0	40.0	50.0	45.0	66.0	57.0	57.0	32.0	48.0	58.0	34.0	30.0	44.0	43.0	45.0	58.0	50.0	36.0	50.0	58.0	59.0	59.0	54.0	27.0	48.0	60.0	45.0	67.0	51.0	61.0	47.0	44.0	32.0	34.0	73.0	47.0	55.0	47.0	74.0	56.0	50.0	42.0	58.0	53.0	47.0	50.0	52.0
alpha_rarefaction_159_8.txt	159	8	55.0	42.0	54.0	34.0	35.0	47.0	93.0	68.0	55.0	53.0	38.0	43.0	63.0	45.0	38.0	47.0	50.0	55.0	39.0	56.0	48.0	54.0	56.0	55.0	43.0	52.0	28.0	39.0	46.0	61.0	44.0	21.0	36.0	50.0	62.0	74.0	51.0	77.0	20.0	48.0	56.0	44.0	45.0	70.0	13.0	70.0	19.0	75.0	37.0	50.0	43.0	63.0	56.0	53.0	40.0	45.0	66.0	36.0	33.0	39.0	36.0	45.0	55.0	63.0	21.0	55.0	67.0	59.0	53.0	58.0	38.0	46.0	64.0	47.0	69.0	50.0	63.0	50.0	39.0	38.0	34.0	56.0	44.0	60.0	54.0	75.0	50.0	45.0	36.0	56.0	54.0	46.0	53.0	51.0
alpha_rarefaction_159_9.txt	159	9	56.0	48.0	60.0	35.0	42.0	50.0	86.0	60.0	58.0	53.0	38.0	44.0	74.0	51.0	38.0	53.0	44.0	54.0	39.0	47.0	57.0	51.0	52.0	61.0	46.0	53.0	22.0	41.0	48.0	64.0	40.0	22.0	41.0	38.0	62.0	67.0	52.0	78.0	25.0	51.0	52.0	41.0	42.0	76.0	16.0	67.0	19.0	69.0	34.0	47.0	38.0	65.0	47.0	54.0	38.0	45.0	61.0	38.0	26.0	41.0	35.0	43.0	54.0	44.0	28.0	62.0	57.0	56.0	55.0	53.0	33.0	47.0	59.0	47.0	62.0	57.0	64.0	52.0	46.0	38.0	33.0	67.0	46.0	51.0	49.0	75.0	46.0	48.0	38.0	57.0	63.0	49.0	51.0	49.0
alpha_rarefaction_308_0.txt	308	0	69.0	69.0	76.0	48.0	62.0	66.0	110.0	84.0	82.0	68.0	50.0	55.0	85.0	66.0	51.0	70.0	61.0	78.0	63.0	69.0	73.0	71.0	75.0	83.0	68.0	59.0	33.0	50.0	61.0	78.0	61.0	34.0	55.0	58.0	73.0	102.0	62.0	126.0	30.0	68.0	74.0	54.0	64.0	93.0	14.0	97.0	24.0	107.0	39.0	70.0	55.0	84.0	68.0	71.0	39.0	54.0	82.0	47.0	37.0	58.0	58.0	60.0	73.0	82.0	33.0	78.0	97.0	89.0	79.0	77.0	40.0	62.0	96.0	60.0	84.0	77.0	94.0	63.0	62.0	47.0	46.0	97.0	68.0	65.0	71.0	123.0	64.0	62.0	58.0	83.0	83.0	64.0	70.0	67.0
alpha_rarefaction_308_1.txt	308	1	61.0	68.0	81.0	48.0	56.0	59.0	125.0	94.0	70.0	71.0	51.0	50.0	92.0	66.0	46.0	72.0	63.0	80.0	63.0	63.0	73.0	65.0	76.0	84.0	65.0	61.0	35.0	57.0	70.0	81.0	62.0	37.0	50.0	60.0	81.0	94.0	57.0	113.0	30.0	69.0	71.0	55.0	67.0	97.0	18.0	93.0	29.0	94.0	38.0	70.0	64.0	91.0	64.0	74.0	44.0	57.0	81.0	43.0	43.0	57.0	50.0	57.0	70.0	72.0	41.0	80.0	95.0	85.0	77.0	77.0	41.0	57.0	86.0	65.0	93.0	72.0	81.0	58.0	68.0	51.0	44.0	95.0	66.0	68.0	70.0	113.0	72.0	61.0	49.0	85.0	79.0	71.0	72.0	74.0
alpha_rarefaction_308_2.txt	308	2	64.0	65.0	79.0	45.0	60.0	68.0	125.0	83.0	69.0	65.0	58.0	54.0	91.0	71.0	52.0	79.0	71.0	76.0	58.0	65.0	65.0	64.0	74.0	81.0	67.0	62.0	32.0	62.0	72.0	85.0	59.0	29.0	52.0	53.0	79.0	83.0	67.0	113.0	32.0	65.0	73.0	47.0	66.0	98.0	17.0	98.0	22.0	103.0	43.0	70.0	56.0	88.0	68.0	66.0	47.0	61.0	77.0	45.0	43.0	50.0	55.0	53.0	66.0	78.0	37.0	84.0	94.0	87.0	74.0	73.0	47.0	62.0	92.0	64.0	86.0	82.0	93.0	69.0	67.0	54.0	40.0	91.0	68.0	70.0	67.0	118.0	80.0	75.0	55.0	87.0	76.0	71.0	74.0	67.0
alpha_rarefaction_308_3.txt	308	3	66.0	69.0	78.0	41.0	56.0	65.0	125.0	87.0	82.0	71.0	51.0	55.0	82.0	78.0	47.0	72.0	61.0	77.0	58.0	71.0	70.0	65.0	81.0	73.0	71.0	54.0	32.0	51.0	70.0	87.0	61.0	33.0	46.0	66.0	73.0	91.0	59.0	121.0	35.0	72.0	77.0	55.0	74.0	91.0	18.0	100.0	21.0	101.0	41.0	61.0	55.0	90.0	63.0	79.0	35.0	59.0	75.0	50.0	45.0	56.0	62.0	59.0	72.0	74.0	37.0	76.0	83.0	87.0	79.0	80.0	46.0	66.0	91.0	62.0	82.0	73.0	94.0	64.0	64.0	49.0	41.0	92.0	61.0	65.0	75.0	112.0	76.0	62.0	54.0	82.0	80.0	70.0	77.0	69.0
alpha_rarefaction_308_4.txt	308	4	68.0	74.0	81.0	49.0	52.0	71.0	112.0	84.0	75.0	67.0	45.0	56.0	90.0	67.0	58.0	70.0	63.0	82.0	59.0	73.0	74.0	65.0	82.0	70.0	73.0	65.0	32.0	51.0	66.0	63.0	62.0	34.0	55.0	52.0	81.0	96.0	66.0	125.0	34.0	59.0	65.0	51.0	61.0	97.0	18.0	98.0	26.0	106.0	43.0	64.0	63.0	80.0	74.0	67.0	40.0	54.0	78.0	46.0	42.0	53.0	46.0	58.0	74.0	71.0	41.0	82.0	87.0	83.0	77.0	68.0	41.0	65.0	82.0	58.0	91.0	73.0	86.0	65.0	64.0	48.0	45.0	91.0	65.0	68.0	68.0	109.0	79.0	69.0	54.0	79.0	84.0	61.0	62.0	68.0
alpha_rarefaction_308_5.txt	308	5	72.0	67.0	73.0	49.0	68.0	68.0	115.0	83.0	90.0	66.0	49.0	60.0	90.0	60.0	54.0	70.0	69.0	82.0	65.0	68.0	75.0	66.0	83.0	79.0	72.0	65.0	29.0	58.0	75.0	81.0	57.0	32.0	50.0	55.0	86.0	90.0	70.0	118.0	36.0	67.0	82.0	49.0	61.0	98.0	14.0	95.0	27.0	104.0	52.0	74.0	54.0	86.0	69.0	77.0	40.0	58.0	78.0	51.0	37.0	59.0	54.0	61.0	86.0	78.0	34.0	78.0	94.0	78.0	82.0	72.0	47.0	66.0	83.0	69.0	97.0	64.0	86.0	68.0	62.0	55.0	54.0	95.0	67.0	68.0	73.0	123.0	80.0	55.0	53.0	92.0	79.0	60.0	76.0	67.0
alpha_rarefaction_308_6.txt	308	6	68.0	75.0	81.0	40.0	58.0	65.0	120.0	93.0	77.0	69.0	55.0	56.0	100.0	80.0	46.0	67.0	58.0	72.0	65.0	74.0	68.0	74.0	81.0	84.0	73.0	53.0	29.0	64.0	65.0	77.0	57.0	39.0	53.0	56.0	78.0	90.0	74.0	113.0	32.0	65.0	70.0	56.0	64.0	82.0	19.0	103.0	23.0	97.0	41.0	71.0	60.0	77.0	70.0	72.0	45.0	50.0	80.0	42.0	40.0	55.0	60.0	63.0	72.0	71.0	32.0	73.0	101.0	91.0	95.0	68.0	45.0	66.0	93.0	74.0	92.0	65.0	89.0	74.0	59.0	54.0	45.0	96.0	71.0	76.0	76.0	110.0	71.0	59.0	53.0	87.0	77.0	75.0	66.0	68.0
alpha_rarefaction_308_7.txt	308	7	68.0	63.0	82.0	42.0	50.0	73.0	119.0	83.0	73.0	68.0	50.0	56.0	94.0	72.0	47.0	75.0	64.0	84.0	55.0	76.0	72.0	72.0	83.0	76.0	67.0	63.0	28.0	53.0	64.0	74.0	59.0	36.0	49.0	53.0	78.0	82.0	53.0	116.0	34.0	68.0	76.0	50.0	60.0	95.0	15.0	91.0	29.0	96.0	39.0	66.0	54.0	86.0	63.0	77.0	52.0	58.0	89.0	44.0	43.0	56.0	54.0	60.0	75.0	80.0	39.0	77.0	91.0	90.0	84.0	68.0	42.0	65.0	86.0	60.0	88.0	80.0	88.0	61.0	59.0	46.0	49.0	86.0	61.0	75.0	70.0	118.0	71.0	64.0	54.0	86.0	79.0	58.0	72.0	67.0
alpha_rarefaction_308_8.txt	308	8	74.0	61.0	93.0	49.0	59.0	66.0	119.0	86.0	82.0	68.0	50.0	57.0	83.0	61.0	54.0	72.0	60.0	82.0	61.0	74.0	66.0	65.0	80.0	83.0	67.0	70.0	36.0	60.0	66.0	76.0	58.0	35.0	50.0	59.0	75.0	86.0	68.0	103.0	32.0	65.0	72.0	63.0	64.0	86.0	16.0	100.0	25.0	93.0	45.0	62.0	60.0	88.0	66.0	70.0	50.0	60.0	84.0	52.0	49.0	55.0	62.0	57.0	78.0	80.0	38.0	71.0	95.0	69.0	83.0	67.0	44.0	62.0	86.0	67.0	82.0	77.0	75.0	68.0	65.0	42.0	51.0	84.0	60.0	70.0	72.0	114.0	74.0	72.0	49.0	82.0	87.0	77.0	59.0	72.0
alpha_rarefaction_308_9.txt	308	9	76.0	70.0	85.0	44.0	59.0	73.0	121.0	83.0	72.0	59.0	48.0	55.0	84.0	66.0	60.0	67.0	69.0	71.0	61.0	68.0	70.0	69.0	77.0	84.0	70.0	66.0	31.0	47.0	64.0	76.0	49.0	33.0	50.0	61.0	80.0	87.0	56.0	109.0	37.0	70.0	76.0	53.0	66.0	94.0	14.0	92.0	22.0	101.0	46.0	70.0	57.0	78.0	65.0	75.0	43.0	49.0	82.0	48.0	42.0	55.0	55.0	55.0	74.0	66.0	33.0	76.0	100.0	78.0	83.0	80.0	37.0	60.0	89.0	69.0	90.0	83.0	90.0	69.0	64.0	45.0	44.0	100.0	61.0	70.0	71.0	114.0	75.0	69.0	57.0	81.0	79.0	72.0	73.0	68.0
alpha_rarefaction_457_0.txt	457	0	82.0	84.0	95.0	52.0	71.0	78.0	145.0	109.0	88.0	80.0	68.0	67.0	104.0	73.0	62.0	77.0	86.0	98.0	67.0	85.0	80.0	84.0	94.0	87.0	88.0	74.0	37.0	72.0	72.0	95.0	63.0	46.0	63.0	77.0	105.0	100.0	83.0	146.0	44.0	81.0	79.0	64.0	75.0	111.0	17.0	119.0	25.0	121.0	51.0	81.0	62.0	91.0	77.0	90.0	46.0	67.0	93.0	50.0	60.0	66.0	61.0	68.0	97.0	86.0	48.0	91.0	120.0	111.0	109.0	90.0	50.0	71.0	109.0	79.0	104.0	84.0	105.0	83.0	62.0	55.0	59.0	103.0	80.0	82.0	92.0	129.0	94.0	76.0	68.0	93.0	97.0	86.0	89.0	79.0
alpha_rarefaction_457_1.txt	457	1	83.0	86.0	97.0	48.0	79.0	74.0	141.0	108.0	87.0	97.0	61.0	66.0	103.0	71.0	50.0	82.0	91.0	100.0	80.0	90.0	77.0	79.0	101.0	101.0	87.0	80.0	33.0	64.0	79.0	108.0	66.0	42.0	70.0	73.0	96.0	108.0	73.0	144.0	39.0	81.0	86.0	60.0	78.0	124.0	16.0	119.0	28.0	109.0	46.0	83.0	71.0	96.0	76.0	87.0	54.0	70.0	94.0	50.0	56.0	60.0	58.0	62.0	99.0	82.0	42.0	90.0	105.0	103.0	91.0	87.0	53.0	78.0	118.0	87.0	100.0	97.0	98.0	82.0	80.0	56.0	58.0	109.0	82.0	81.0	83.0	134.0	88.0	71.0	74.0	95.0	95.0	76.0	80.0	84.0
alpha_rarefaction_457_2.txt	457	2	77.0	76.0	103.0	51.0	75.0	74.0	148.0	104.0	97.0	82.0	57.0	68.0	99.0	77.0	66.0	80.0	83.0	102.0	75.0	86.0	85.0	69.0	100.0	96.0	87.0	69.0	35.0	64.0	75.0	92.0	66.0	44.0	69.0	61.0	103.0	107.0	75.0	143.0	39.0	77.0	80.0	67.0	80.0	126.0	17.0	110.0	30.0	118.0	53.0	79.0	71.0	102.0	85.0	81.0	52.0	70.0	93.0	53.0	47.0	66.0	69.0	70.0	96.0	80.0	42.0	101.0	116.0	114.0	94.0	89.0	53.0	75.0	107.0	85.0	105.0	75.0	107.0	80.0	76.0	54.0	57.0	115.0	69.0	75.0	87.0	134.0	92.0	72.0	61.0	99.0	95.0	81.0	83.0	79.0
alpha_rarefaction_457_3.txt	457	3	73.0	84.0	106.0	50.0	75.0	86.0	144.0	98.0	91.0	87.0	71.0	59.0	96.0	79.0	63.0	87.0	80.0	97.0	77.0	90.0	84.0	79.0	91.0	82.0	84.0	77.0	37.0	70.0	82.0	98.0	70.0	53.0	55.0	68.0	105.0	103.0	78.0	147.0	33.0	82.0	97.0	56.0	76.0	122.0	17.0	115.0	25.0	113.0	47.0	81.0	65.0	103.0	81.0	92.0	56.0	74.0	96.0	48.0	58.0	62.0	63.0	62.0	81.0	86.0	40.0	95.0	106.0	108.0	100.0	82.0	54.0	80.0	109.0	76.0	113.0	88.0	100.0	81.0	77.0	57.0	57.0	115.0	72.0	87.0	80.0	134.0	93.0	70.0	72.0	94.0	96.0	79.0	83.0	83.0
alpha_rarefaction_457_4.txt	457	4	91.0	80.0	96.0	52.0	72.0	76.0	131.0	121.0	79.0	78.0	65.0	63.0	102.0	81.0	60.0	83.0	80.0	99.0	74.0	79.0	74.0	79.0	94.0	92.0	96.0	73.0	36.0	67.0	80.0	93.0	63.0	43.0	63.0	63.0	95.0	113.0	70.0	146.0	38.0	86.0	84.0	68.0	83.0	114.0	15.0	114.0	28.0	115.0	47.0	81.0	68.0	105.0	81.0	82.0	49.0	67.0	98.0	52.0	55.0	65.0	62.0	62.0	93.0	84.0	38.0	98.0	117.0	98.0	93.0	72.0	52.0	72.0	101.0	87.0	102.0	85.0	109.0	80.0	79.0	57.0	55.0	106.0	74.0	78.0	82.0	133.0	83.0	74.0	62.0	105.0	105.0	83.0	87.0	83.0
alpha_rarefaction_457_5.txt	457	5	79.0	83.0	94.0	54.0	70.0	82.0	131.0	104.0	87.0	86.0	60.0	61.0	95.0	81.0	63.0	75.0	77.0	101.0	76.0	84.0	91.0	79.0	92.0	96.0	83.0	73.0	38.0	69.0	80.0	97.0	71.0	40.0	61.0	68.0	101.0	105.0	70.0	147.0	38.0	83.0	84.0	65.0	66.0	115.0	16.0	114.0	25.0	112.0	54.0	75.0	63.0	99.0	81.0	87.0	45.0	65.0	99.0	54.0	55.0	73.0	66.0	63.0	92.0	94.0	43.0	94.0	117.0	106.0	100.0	93.0	53.0	76.0	101.0	75.0	111.0	87.0	97.0	77.0	73.0	53.0	55.0	103.0	74.0	82.0	89.0	138.0	83.0	79.0	66.0	102.0	92.0	84.0	85.0	77.0
alpha_rarefaction_457_6.txt	457	6	89.0	92.0	103.0	49.0	75.0	86.0	143.0	103.0	93.0	80.0	65.0	62.0	102.0	79.0	58.0	83.0	76.0	81.0	80.0	83.0	83.0	87.0	95.0	93.0	76.0	69.0	36.0	63.0	85.0	96.0	76.0	45.0	63.0	66.0	96.0	104.0	79.0	145.0	40.0	82.0	84.0	62.0	67.0	124.0	18.0	124.0	24.0	123.0	52.0	75.0	65.0	105.0	74.0	79.0	54.0	63.0	95.0	56.0	62.0	61.0	69.0	71.0	91.0	95.0	49.0	97.0	108.0	109.0	106.0	90.0	56.0	71.0	102.0	81.0	104.0	86.0	113.0	84.0	73.0	53.0	59.0	108.0	85.0	75.0	82.0	146.0	89.0	71.0	69.0	93.0	90.0	81.0	81.0	83.0
alpha_rarefaction_457_7.txt	457	7	83.0	83.0	89.0	55.0	61.0	78.0	146.0	99.0	88.0	77.0	61.0	60.0	95.0	82.0	55.0	85.0	77.0	100.0	78.0	91.0	84.0	83.0	100.0	91.0	90.0	75.0	40.0	62.0	81.0	98.0	68.0	45.0	66.0	74.0	117.0	104.0	93.0	136.0	35.0	76.0	86.0	67.0	76.0	119.0	20.0	123.0	20.0	122.0	49.0	83.0	68.0	92.0	75.0	83.0	53.0	65.0	93.0	62.0	51.0	57.0	68.0	59.0	90.0	97.0	46.0	92.0	122.0	103.0	89.0	86.0	50.0	59.0	101.0	82.0	113.0	90.0	114.0	78.0	71.0	64.0	57.0	113.0	76.0	75.0	80.0	126.0	91.0	74.0	62.0	101.0	95.0	73.0	84.0	86.0
alpha_rarefaction_457_8.txt	457	8	84.0	82.0	100.0	53.0	69.0	72.0	143.0	102.0	91.0	79.0	65.0	65.0	104.0	75.0	58.0	81.0	90.0	103.0	68.0	76.0	90.0	79.0	93.0	91.0	89.0	73.0	39.0	73.0	77.0	86.0	63.0	41.0	61.0	64.0	111.0	100.0	72.0	140.0	44.0	87.0	94.0	58.0	78.0	121.0	20.0	113.0	28.0	124.0	56.0	74.0	65.0	99.0	81.0	78.0	49.0	76.0	99.0	53.0	56.0	70.0	71.0	70.0	100.0	93.0	42.0	101.0	114.0	102.0	102.0	83.0	46.0	74.0	103.0	82.0	108.0	93.0	107.0	80.0	71.0	57.0	55.0	118.0	84.0	77.0	85.0	139.0	84.0	82.0	65.0	97.0	98.0	76.0	83.0	86.0
alpha_rarefaction_457_9.txt	457	9	87.0	79.0	99.0	54.0	72.0	76.0	145.0	102.0	91.0	94.0	58.0	57.0	106.0	86.0	66.0	86.0	81.0	92.0	73.0	83.0	83.0	78.0	97.0	101.0	81.0	74.0	36.0	67.0	78.0	94.0	66.0	47.0	64.0	58.0	94.0	107.0	75.0	128.0	30.0	78.0	84.0	61.0	74.0	120.0	18.0	114.0	32.0	124.0	48.0	85.0	60.0	104.0	75.0	81.0	47.0	69.0	85.0	52.0	51.0	58.0	68.0	66.0	92.0	86.0	40.0	98.0	118.0	110.0	95.0	90.0	54.0	75.0	102.0	77.0	101.0	90.0	104.0	73.0	71.0	56.0	57.0	101.0	81.0	80.0	79.0	148.0	86.0	75.0	65.0	102.0	99.0	81.0	88.0	74.0
alpha_rarefaction_606_0.txt	606	0	88.0	87.0	104.0	57.0	81.0	92.0	159.0	119.0	110.0	96.0	71.0	65.0	119.0	80.0	67.0	86.0	99.0	109.0	83.0	87.0	95.0	82.0	110.0	103.0	101.0	81.0	42.0	71.0	89.0	109.0	80.0	48.0	72.0	74.0	118.0	120.0	87.0	160.0	47.0	85.0	99.0	63.0	86.0	147.0	17.0	136.0	32.0	140.0	55.0	83.0	76.0	104.0	90.0	94.0	59.0	76.0	104.0	52.0	52.0	67.0	67.0	70.0	100.0	96.0	49.0	108.0	135.0	112.0	114.0	90.0	58.0	71.0	132.0	86.0	121.0	91.0	130.0	88.0	82.0	60.0	55.0	122.0	87.0	91.0	99.0	162.0	114.0	81.0	74.0	111.0	97.0	87.0	89.0	87.0
alpha_rarefaction_606_1.txt	606	1	86.0	86.0	116.0	55.0	80.0	93.0	154.0	112.0	92.0	90.0	71.0	72.0	117.0	87.0	69.0	91.0	91.0	111.0	93.0	92.0	92.0	84.0	111.0	107.0	97.0	83.0	38.0	72.0	91.0	108.0	69.0	61.0	65.0	78.0	107.0	112.0	78.0	164.0	43.0	92.0	89.0	71.0	92.0	136.0	19.0	138.0	31.0	131.0	48.0	89.0	77.0	109.0	88.0	97.0	60.0	73.0	104.0	58.0	66.0	75.0	72.0	69.0	99.0	97.0	49.0	106.0	124.0	120.0	109.0	94.0	61.0	87.0	121.0	84.0	118.0	96.0	113.0	87.0	80.0	62.0	64.0	123.0	89.0	82.0	105.0	164.0	97.0	74.0	79.0	112.0	95.0	86.0	99.0	93.0
alpha_rarefaction_606_2.txt	606	2	93.0	98.0	107.0	54.0	92.0	88.0	171.0	123.0	98.0	97.0	77.0	69.0	111.0	86.0	65.0	81.0	92.0	107.0	87.0	95.0	95.0	87.0	105.0	107.0	85.0	89.0	39.0	69.0	94.0	99.0	73.0	45.0	77.0	78.0	117.0	126.0	87.0	161.0	38.0	86.0	95.0	68.0	88.0	127.0	22.0	130.0	27.0	136.0	60.0	88.0	77.0	108.0	85.0	85.0	51.0	74.0	111.0	57.0	66.0	74.0	70.0	73.0	102.0	107.0	48.0	102.0	132.0	133.0	111.0	98.0	64.0	80.0	124.0	91.0	129.0	96.0	126.0	89.0	84.0	59.0	58.0	121.0	94.0	97.0	103.0	160.0	93.0	85.0	75.0	102.0	110.0	94.0	106.0	91.0
alpha_rarefaction_606_3.txt	606	3	89.0	99.0	102.0	60.0	94.0	82.0	160.0	127.0	113.0	95.0	72.0	66.0	113.0	87.0	67.0	84.0	89.0	112.0	78.0	94.0	98.0	88.0	103.0	108.0	94.0	86.0	39.0	68.0	91.0	111.0	74.0	51.0	72.0	77.0	118.0	116.0	80.0	156.0	46.0	95.0	95.0	76.0	82.0	140.0	20.0	137.0	31.0	141.0	52.0	84.0	79.0	112.0	85.0	93.0	60.0	71.0	101.0	54.0	64.0	73.0	74.0	73.0	96.0	92.0	50.0	110.0	131.0	121.0	117.0	99.0	64.0	84.0	116.0	90.0	125.0	95.0	124.0	85.0	79.0	64.0	55.0	120.0	86.0	90.0	101.0	159.0	95.0	88.0	75.0	107.0	99.0	97.0	99.0	93.0
alpha_rarefaction_606_4.txt	606	4	93.0	89.0	104.0	56.0	86.0	93.0	160.0	115.0	103.0	87.0	72.0	65.0	116.0	78.0	72.0	84.0	88.0	103.0	93.0	85.0	87.0	86.0	108.0	107.0	92.0	77.0	35.0	82.0	86.0	103.0	74.0	55.0	80.0	71.0	126.0	116.0	85.0	169.0	44.0	82.0	89.0	81.0	83.0	132.0	15.0	135.0	28.0	141.0	54.0	92.0	75.0	108.0	82.0	93.0	60.0	76.0	110.0	57.0	65.0	65.0	72.0	70.0	109.0	106.0	48.0	108.0	132.0	118.0	115.0	92.0	66.0	80.0	129.0	88.0	126.0	93.0	127.0	85.0	83.0	63.0	59.0	116.0	90.0	86.0	100.0	154.0	95.0	84.0	73.0	108.0	104.0	90.0	87.0	92.0
alpha_rarefaction_606_5.txt	606	5	89.0	93.0	99.0	54.0	71.0	88.0	154.0	127.0	99.0	96.0	70.0	68.0	106.0	79.0	69.0	89.0	90.0	118.0	85.0	101.0	96.0	85.0	105.0	112.0	90.0	76.0	34.0	66.0	88.0	109.0	70.0	53.0	71.0	75.0	109.0	117.0	85.0	166.0	44.0	86.0	97.0	71.0	86.0	141.0	19.0	134.0	29.0	135.0	54.0	82.0	77.0	117.0	90.0	106.0	54.0	74.0	100.0	52.0	65.0	67.0	67.0	77.0	104.0	106.0	50.0	108.0	124.0	122.0	105.0	102.0	57.0	81.0	120.0	91.0	115.0	92.0	129.0	93.0	90.0	63.0	60.0	124.0	93.0	86.0	95.0	149.0	100.0	84.0	69.0	108.0	107.0	82.0	94.0	81.0
alpha_rarefaction_606_6.txt	606	6	94.0	95.0	109.0	55.0	68.0	95.0	160.0	118.0	101.0	88.0	69.0	69.0	109.0	82.0	69.0	89.0	90.0	108.0	78.0	93.0	89.0	86.0	107.0	107.0	87.0	87.0	40.0	78.0	84.0	103.0	76.0	53.0	60.0	86.0	117.0	116.0	80.0	159.0	44.0	87.0	88.0	78.0	79.0	134.0	18.0	130.0	29.0	137.0	56.0	90.0	75.0	109.0	86.0	95.0	51.0	78.0	113.0	56.0	65.0	74.0	74.0	69.0	108.0	104.0	53.0	101.0	132.0	117.0	113.0	91.0	63.0	73.0	118.0	91.0	121.0	100.0	122.0	89.0	75.0	67.0	69.0	121.0	84.0	94.0	102.0	165.0	86.0	89.0	74.0	118.0	109.0	81.0	87.0	93.0
alpha_rarefaction_606_7.txt	606	7	95.0	96.0	110.0	59.0	86.0	94.0	157.0	125.0	102.0	86.0	60.0	65.0	115.0	86.0	68.0	85.0	99.0	108.0	93.0	101.0	101.0	79.0	110.0	111.0	96.0	76.0	44.0	74.0	81.0	99.0	75.0	55.0	73.0	78.0	119.0	120.0	82.0	171.0	42.0	88.0	103.0	74.0	82.0	142.0	16.0	131.0	32.0	146.0	57.0	91.0	71.0	106.0	91.0	98.0	51.0	77.0	105.0	61.0	66.0	67.0	70.0	76.0	101.0	93.0	42.0	99.0	137.0	119.0	120.0	96.0	58.0	86.0	131.0	93.0	120.0	90.0	116.0	89.0	79.0	61.0	65.0	127.0	87.0	87.0	99.0	138.0	101.0	80.0	71.0	111.0	100.0	90.0	97.0	84.0
alpha_rarefaction_606_8.txt	606	8	86.0	87.0	107.0	62.0	93.0	92.0	166.0	116.0	104.0	91.0	67.0	68.0	118.0	84.0	65.0	91.0	101.0	100.0	77.0	94.0	95.0	85.0	114.0	110.0	97.0	82.0	41.0	69.0	89.0	100.0	76.0	57.0	69.0	81.0	131.0	113.0	85.0	155.0	43.0	89.0	109.0	72.0	80.0	137.0	20.0	124.0	33.0	130.0	60.0	85.0	75.0	106.0	91.0	94.0	59.0	76.0	114.0	59.0	57.0	68.0	70.0	73.0	104.0	102.0	43.0	112.0	140.0	115.0	108.0	93.0	56.0	91.0	116.0	85.0	133.0	92.0	119.0	85.0	82.0	66.0	68.0	119.0	89.0	84.0	95.0	163.0	98.0	94.0	78.0	106.0	110.0	84.0	92.0	86.0
alpha_rarefaction_606_9.txt	606	9	91.0	91.0	114.0	54.0	92.0	88.0	151.0	121.0	107.0	88.0	76.0	63.0	112.0	82.0	67.0	88.0	88.0	98.0	80.0	101.0	95.0	81.0	110.0	105.0	86.0	85.0	38.0	80.0	76.0	96.0	79.0	58.0	70.0	71.0	116.0	120.0	81.0	160.0	36.0	80.0	93.0	68.0	82.0	127.0	19.0	129.0	27.0	126.0	65.0	91.0	69.0	105.0	87.0	99.0	66.0	73.0	104.0	60.0	62.0	62.0	75.0	68.0	99.0	102.0	45.0	113.0	132.0	111.0	118.0	89.0	60.0	81.0	113.0	89.0	120.0	83.0	130.0	84.0	82.0	59.0	67.0	131.0	92.0	94.0	94.0	151.0	93.0	88.0	71.0	113.0	105.0	90.0	100.0	100.0
alpha_rarefaction_755_0.txt	755	0	99.0	95.0	111.0	63.0	94.0	95.0	171.0	134.0	113.0	97.0	70.0	75.0	128.0	93.0	74.0	93.0	97.0	109.0	91.0	101.0	92.0	92.0	115.0	113.0	98.0	83.0	42.0	84.0	94.0	117.0	83.0	63.0	74.0	89.0	134.0	125.0	105.0	169.0	48.0	100.0	105.0	75.0	95.0	153.0	17.0	141.0	32.0	140.0	57.0	94.0	77.0	119.0	88.0	106.0	63.0	72.0	116.0	64.0	76.0	74.0	79.0	81.0	105.0	107.0	53.0	123.0	150.0	142.0	127.0	105.0	58.0	84.0	136.0	94.0	126.0	102.0	135.0	99.0	84.0	65.0	67.0	136.0	93.0	97.0	105.0	171.0	113.0	93.0	84.0	115.0	111.0	90.0	99.0	104.0
alpha_rarefaction_755_1.txt	755	1	95.0	104.0	115.0	67.0	96.0	107.0	165.0	131.0	119.0	91.0	69.0	73.0	118.0	91.0	72.0	86.0	95.0	118.0	85.0	106.0	89.0	99.0	115.0	115.0	99.0	80.0	42.0	87.0	93.0	112.0	80.0	63.0	78.0	84.0	145.0	133.0	92.0	176.0	48.0	91.0	101.0	78.0	97.0	137.0	23.0	149.0	32.0	147.0	58.0	93.0	75.0	116.0	92.0	98.0	68.0	81.0	118.0	63.0	87.0	76.0	78.0	78.0	114.0	108.0	57.0	121.0	147.0	141.0	127.0	98.0	68.0	87.0	128.0	106.0	131.0	92.0	120.0	89.0	90.0	69.0	65.0	137.0	94.0	92.0	106.0	166.0	110.0	92.0	78.0	122.0	114.0	97.0	102.0	92.0
alpha_rarefaction_755_2.txt	755	2	95.0	97.0	125.0	60.0	95.0	96.0	171.0	119.0	116.0	93.0	79.0	75.0	124.0	88.0	67.0	91.0	97.0	117.0	90.0	101.0	107.0	95.0	118.0	106.0	100.0	86.0	40.0	83.0	96.0	112.0	82.0	61.0	72.0	83.0	132.0	125.0	99.0	173.0	44.0	99.0	105.0	74.0	82.0	144.0	18.0	137.0	32.0	154.0	61.0	96.0	76.0	115.0	95.0	101.0	59.0	86.0	117.0	62.0	82.0	76.0	81.0	74.0	109.0	115.0	47.0	109.0	149.0	132.0	126.0	105.0	62.0	92.0	126.0	95.0	142.0	96.0	134.0	86.0	87.0	66.0	70.0	131.0	92.0	95.0	110.0	162.0	96.0	93.0	86.0	119.0	116.0	94.0	100.0	91.0
alpha_rarefaction_755_3.txt	755	3	97.0	110.0	111.0	65.0	93.0	92.0	175.0	130.0	110.0	103.0	73.0	69.0	122.0	88.0	72.0	95.0	95.0	119.0	94.0	100.0	110.0	97.0	129.0	117.0	100.0	84.0	43.0	92.0	96.0	123.0	79.0	66.0	78.0	91.0	117.0	124.0	93.0	169.0	47.0	93.0	97.0	78.0	92.0	146.0	21.0	141.0	31.0	151.0	64.0	92.0	82.0	117.0	96.0	111.0	64.0	72.0	120.0	65.0	73.0	72.0	78.0	76.0	113.0	99.0	50.0	108.0	153.0	135.0	131.0	103.0	70.0	79.0	136.0	101.0	135.0	105.0	142.0	97.0	89.0	66.0	72.0	129.0	95.0	89.0	107.0	157.0	117.0	98.0	76.0	107.0	115.0	97.0	102.0	113.0
alpha_rarefaction_755_4.txt	755	4	98.0	102.0	123.0	63.0	95.0	94.0	177.0	121.0	112.0	102.0	83.0	75.0	116.0	92.0	74.0	92.0	104.0	125.0	87.0	106.0	112.0	97.0	125.0	102.0	104.0	87.0	43.0	74.0	101.0	105.0	75.0	54.0	76.0	87.0	134.0	125.0	90.0	166.0	39.0	95.0	90.0	76.0	88.0	151.0	18.0	143.0	33.0	157.0	63.0	88.0	80.0	116.0	95.0	103.0	70.0	82.0	127.0	56.0	72.0	78.0	76.0	72.0	108.0	114.0	48.0	111.0	147.0	129.0	136.0	102.0	60.0	92.0	136.0	101.0	139.0	99.0	132.0	96.0	84.0	66.0	66.0	132.0	87.0	88.0	105.0	171.0	106.0	93.0	85.0	122.0	117.0	100.0	104.0	85.0
alpha_rarefaction_755_5.txt	755	5	97.0	98.0	113.0	66.0	92.0	100.0	167.0	131.0	122.0	106.0	76.0	66.0	126.0	104.0	73.0	89.0	101.0	108.0	91.0	102.0	95.0	87.0	116.0	114.0	107.0	86.0	44.0	76.0	95.0	120.0	76.0	53.0	76.0	82.0	129.0	132.0	91.0	168.0	45.0	101.0	96.0	76.0	87.0	144.0	21.0	139.0	34.0	154.0	55.0	93.0	77.0	116.0	87.0	104.0	68.0	81.0	126.0	64.0	65.0	79.0	77.0	71.0	107.0	106.0	56.0	116.0	141.0	137.0	126.0	106.0	67.0	90.0	129.0	93.0	138.0	107.0	135.0	101.0	79.0	61.0	71.0	139.0	99.0	97.0	101.0	170.0	107.0	91.0	80.0	120.0	114.0	103.0	110.0	91.0
alpha_rarefaction_755_6.txt	755	6	98.0	96.0	121.0	63.0	93.0	95.0	167.0	124.0	113.0	98.0	71.0	76.0	126.0	94.0	72.0	90.0	104.0	101.0	88.0	106.0	104.0	99.0	113.0	109.0	103.0	87.0	37.0	82.0	89.0	126.0	75.0	64.0	85.0	80.0	135.0	121.0	93.0	175.0	42.0	100.0	102.0	81.0	92.0	151.0	18.0	145.0	30.0	156.0	59.0	96.0	73.0	114.0	96.0	105.0	61.0	86.0	123.0	58.0	72.0	73.0	81.0	77.0	111.0	104.0	51.0	123.0	134.0	133.0	130.0	95.0	71.0	91.0	124.0	94.0	129.0	98.0	130.0	93.0	88.0	68.0	68.0	132.0	97.0	90.0	103.0	174.0	115.0	85.0	90.0	118.0	117.0	97.0	108.0	94.0
alpha_rarefaction_755_7.txt	755	7	96.0	94.0	114.0	64.0	104.0	102.0	167.0	127.0	116.0	105.0	75.0	68.0	124.0	97.0	70.0	91.0	105.0	129.0	92.0	99.0	98.0	91.0	120.0	110.0	100.0	89.0	39.0	79.0	99.0	116.0	75.0	54.0	72.0	84.0	129.0	129.0	94.0	173.0	45.0	99.0	101.0	69.0	87.0	142.0	19.0	143.0	30.0	155.0	67.0	95.0	83.0	114.0	89.0	102.0	62.0	80.0	127.0	61.0	68.0	75.0	82.0	76.0	118.0	118.0	55.0	109.0	131.0	137.0	114.0	106.0	53.0	83.0	130.0	97.0	137.0	100.0	139.0	105.0	87.0	61.0	66.0	139.0	92.0	96.0	118.0	159.0	103.0	87.0	80.0	121.0	117.0	91.0	103.0	98.0
alpha_rarefaction_755_8.txt	755	8	93.0	102.0	116.0	62.0	88.0	94.0	177.0	119.0	109.0	101.0	74.0	74.0	124.0	93.0	78.0	88.0	103.0	121.0	88.0	106.0	108.0	97.0	109.0	109.0	109.0	85.0	44.0	82.0	90.0	109.0	87.0	49.0	74.0	88.0	120.0	127.0	87.0	170.0	47.0	105.0	106.0	78.0	88.0	153.0	18.0	154.0	32.0	147.0	61.0	92.0	83.0	119.0	95.0	103.0	62.0	80.0	109.0	58.0	77.0	79.0	77.0	78.0	111.0	110.0	55.0	109.0	141.0	132.0	123.0	102.0	70.0	89.0	130.0	98.0	137.0	102.0	139.0	101.0	89.0	57.0	71.0	133.0	106.0	90.0	103.0	167.0	110.0	95.0	82.0	120.0	105.0	90.0	110.0	100.0
alpha_rarefaction_755_9.txt	755	9	100.0	99.0	108.0	66.0	100.0	104.0	179.0	141.0	110.0	95.0	76.0	76.0	132.0	91.0	67.0	98.0	106.0	109.0	96.0	107.0	109.0	94.0	119.0	120.0	102.0	89.0	44.0	89.0	96.0	109.0	83.0	58.0	77.0	92.0	128.0	128.0	100.0	168.0	46.0	99.0	101.0	83.0	97.0	161.0	17.0	132.0	33.0	151.0	64.0	93.0	80.0	118.0	96.0	99.0	59.0	81.0	111.0	62.0	71.0	70.0	73.0	78.0	106.0	103.0	55.0	116.0	152.0	136.0	124.0	93.0	67.0	81.0	136.0	97.0	135.0	111.0	122.0	100.0	84.0	61.0	70.0	133.0	92.0	93.0	102.0	172.0	105.0	92.0	79.0	117.0	116.0	93.0	101.0	91.0
alpha_rarefaction_904_0.txt	904	0	112.0	111.0	120.0	65.0	111.0	105.0	190.0	152.0	123.0	108.0	79.0	80.0	131.0	89.0	73.0	97.0	104.0	130.0	98.0	113.0	108.0	98.0	124.0	118.0	116.0	90.0	44.0	86.0	102.0	116.0	89.0	62.0	87.0	93.0	132.0	136.0	98.0	192.0	50.0	104.0	120.0	77.0	96.0	164.0	21.0	139.0	29.0	164.0	69.0	95.0	79.0	123.0	97.0	117.0	63.0	92.0	128.0	62.0	85.0	80.0	87.0	82.0	115.0	114.0	58.0	121.0	150.0	140.0	151.0	108.0	66.0	101.0	139.0	95.0	142.0	100.0	143.0	111.0	97.0	67.0	62.0	139.0	106.0	93.0	118.0	183.0	114.0	101.0	89.0	119.0	117.0	103.0	116.0	95.0
alpha_rarefaction_904_1.txt	904	1	101.0	117.0	122.0	61.0	107.0	110.0	194.0	138.0	119.0	105.0	85.0	82.0	127.0	95.0	77.0	94.0	108.0	138.0	99.0	116.0	107.0	103.0	123.0	121.0	113.0	97.0	39.0	89.0	105.0	116.0	86.0	65.0	80.0	85.0	140.0	134.0	104.0	183.0	52.0	101.0	110.0	75.0	95.0	155.0	23.0	157.0	31.0	179.0	59.0	102.0	81.0	125.0	92.0	115.0	69.0	88.0	130.0	63.0	79.0	80.0	77.0	79.0	121.0	114.0	61.0	135.0	147.0	130.0	132.0	107.0	60.0	106.0	135.0	96.0	147.0	106.0	139.0	105.0	91.0	70.0	69.0	135.0	100.0	99.0	123.0	191.0	121.0	101.0	90.0	123.0	122.0	99.0	113.0	97.0
alpha_rarefaction_904_2.txt	904	2	107.0	103.0	117.0	64.0	107.0	106.0	191.0	138.0	123.0	116.0	83.0	80.0	132.0	95.0	85.0	98.0	108.0	124.0	94.0	105.0	112.0	99.0	128.0	116.0	116.0	94.0	45.0	88.0	100.0	114.0	79.0	70.0	84.0	88.0	148.0	131.0	103.0	181.0	50.0	103.0	110.0	80.0	96.0	157.0	20.0	146.0	36.0	174.0	66.0	98.0	78.0	122.0	96.0	109.0	72.0	80.0	129.0	64.0	80.0	78.0	85.0	75.0	118.0	109.0	52.0	126.0	153.0	150.0	135.0	114.0	63.0	96.0	143.0	108.0	135.0	103.0	142.0	107.0	92.0	73.0	74.0	146.0	104.0	101.0	107.0	184.0	110.0	103.0	77.0	125.0	125.0	104.0	111.0	105.0
alpha_rarefaction_904_3.txt	904	3	98.0	109.0	127.0	64.0	105.0	107.0	174.0	133.0	118.0	113.0	85.0	79.0	130.0	95.0	85.0	94.0	105.0	143.0	88.0	104.0	120.0	100.0	125.0	107.0	118.0	93.0	47.0	91.0	105.0	111.0	88.0	67.0	82.0	96.0	135.0	137.0	93.0	197.0	46.0	98.0	104.0	84.0	94.0	161.0	21.0	147.0	31.0	166.0	64.0	107.0	91.0	117.0	97.0	109.0	66.0	89.0	127.0	67.0	83.0	77.0	84.0	77.0	119.0	120.0	52.0	139.0	150.0	145.0	143.0	103.0	69.0	98.0	134.0	101.0	143.0	104.0	147.0	101.0	88.0	64.0	71.0	138.0	101.0	94.0	103.0	182.0	117.0	97.0	88.0	127.0	124.0	104.0	120.0	101.0
alpha_rarefaction_904_4.txt	904	4	111.0	108.0	121.0	66.0	106.0	107.0	179.0	132.0	124.0	109.0	78.0	82.0	128.0	96.0	73.0	100.0	101.0	128.0	95.0	114.0	110.0	92.0	129.0	112.0	105.0	96.0	45.0	94.0	107.0	113.0	87.0	64.0	82.0	91.0	130.0	131.0	99.0	180.0	54.0	97.0	106.0	74.0	88.0	157.0	21.0	156.0	39.0	170.0	61.0	99.0	76.0	126.0	95.0	115.0	72.0	83.0	125.0	69.0	73.0	78.0	80.0	83.0	125.0	102.0	56.0	127.0	146.0	145.0	132.0	104.0	62.0	88.0	151.0	106.0	143.0	96.0	137.0	104.0	86.0	67.0	72.0	144.0	103.0	101.0	116.0	176.0	112.0	100.0	83.0	119.0	131.0	86.0	108.0	109.0
alpha_rarefaction_904_5.txt	904	5	106.0	109.0	121.0	65.0	107.0	98.0	192.0	144.0	124.0	112.0	83.0	74.0	140.0	92.0	76.0	98.0	108.0	126.0	101.0	111.0	106.0	106.0	125.0	114.0	112.0	92.0	44.0	89.0	101.0	117.0	88.0	65.0	79.0	86.0	142.0	134.0	96.0	196.0	44.0	96.0	104.0	77.0	90.0	168.0	19.0	149.0	28.0	169.0	64.0	104.0	93.0	124.0	98.0	97.0	69.0	89.0	126.0	58.0	85.0	81.0	86.0	78.0	113.0	115.0	52.0	125.0	154.0	143.0	132.0	107.0	73.0	97.0	125.0	97.0	140.0	104.0	134.0	113.0	91.0	67.0	71.0	139.0	105.0	94.0	113.0	181.0	121.0	101.0	81.0	128.0	131.0	112.0	105.0	105.0
alpha_rarefaction_904_6.txt	904	6	107.0	103.0	124.0	66.0	97.0	113.0	192.0	140.0	134.0	103.0	81.0	78.0	127.0	94.0	87.0	91.0	104.0	117.0	99.0	111.0	115.0	101.0	126.0	113.0	106.0	94.0	46.0	81.0	103.0	120.0	84.0	52.0	81.0	101.0	140.0	137.0	106.0	189.0	49.0	95.0	115.0	78.0	97.0	168.0	22.0	139.0	34.0	164.0	60.0	93.0	84.0	126.0	96.0	108.0	60.0	87.0	125.0	61.0	67.0	87.0	85.0	79.0	111.0	110.0	59.0	127.0	153.0	139.0	137.0	114.0	66.0	88.0	140.0	105.0	154.0	106.0	135.0	101.0	87.0	63.0	73.0	135.0	108.0	104.0	115.0	182.0	112.0	96.0	81.0	128.0	126.0	101.0	117.0	101.0
alpha_rarefaction_904_7.txt	904	7	107.0	102.0	129.0	64.0	108.0	109.0	187.0	141.0	119.0	107.0	81.0	80.0	129.0	106.0	75.0	94.0	108.0	130.0	101.0	109.0	108.0	96.0	118.0	112.0	115.0	94.0	43.0	88.0	104.0	119.0	79.0	63.0	80.0	88.0	145.0	135.0	106.0	191.0	47.0	103.0	105.0	74.0	100.0	162.0	17.0	151.0	35.0	165.0	58.0	107.0	81.0	119.0	99.0	115.0	68.0	90.0	116.0	64.0	81.0	79.0	90.0	79.0	117.0	113.0	58.0	125.0	161.0	141.0	130.0	109.0	65.0	97.0	144.0	102.0	129.0	99.0	146.0	100.0	98.0	71.0	72.0	147.0	100.0	98.0	112.0	186.0	112.0	103.0	80.0	125.0	128.0	98.0	110.0	101.0
alpha_rarefaction_904_8.txt	904	8	109.0	120.0	133.0	66.0	104.0	105.0	184.0	138.0	119.0	103.0	79.0	78.0	129.0	93.0	81.0	97.0	112.0	119.0	101.0	116.0	112.0	102.0	131.0	123.0	109.0	89.0	43.0	87.0	114.0	117.0	88.0	63.0	80.0	89.0	141.0	145.0	103.0	196.0	47.0	107.0	104.0	76.0	89.0	172.0	20.0	154.0	35.0	166.0	61.0	107.0	82.0	117.0	98.0	119.0	72.0	87.0	126.0	64.0	69.0	80.0	87.0	85.0	125.0	116.0	65.0	128.0	150.0	146.0	130.0	109.0	61.0	91.0	138.0	104.0	141.0	106.0	134.0	102.0	91.0	66.0	68.0	141.0	106.0	97.0	120.0	182.0	123.0	100.0	88.0	124.0	128.0	95.0	107.0	100.0
alpha_rarefaction_904_9.txt	904	9	101.0	106.0	113.0	61.0	95.0	101.0	178.0	138.0	117.0	112.0	85.0	74.0	135.0	97.0	77.0	100.0	104.0	128.0	102.0	117.0	102.0	100.0	132.0	121.0	104.0	95.0	44.0	91.0	113.0	117.0	85.0	60.0	78.0	91.0	142.0	129.0	101.0	195.0	42.0	101.0	108.0	75.0	94.0	165.0	17.0	156.0	35.0	168.0	64.0	102.0	84.0	126.0	97.0	104.0	63.0	84.0	126.0	61.0	72.0	76.0	82.0	82.0	115.0	116.0	57.0	120.0	148.0	151.0	133.0	110.0	57.0	94.0	143.0	97.0	141.0	103.0	146.0	95.0	102.0	66.0	65.0	146.0	104.0	103.0	122.0	185.0	122.0	98.0	82.0	126.0	118.0	98.0	98.0	103.0
alpha_rarefaction_1053_0.txt	1053	0	114.0	108.0	129.0	66.0	108.0	115.0	193.0	147.0	133.0	109.0	81.0	86.0	129.0	98.0	76.0	97.0	123.0	134.0	101.0	118.0	114.0	104.0	130.0	125.0	131.0	102.0	47.0	97.0	114.0	125.0	91.0	71.0	93.0	101.0	154.0	139.0	107.0	196.0	50.0	108.0	123.0	85.0	101.0	179.0	21.0	157.0	38.0	168.0	67.0	107.0	91.0	127.0	105.0	110.0	75.0	95.0	135.0	64.0	81.0	88.0	86.0	79.0	120.0	118.0	55.0	130.0	167.0	150.0	154.0	113.0	69.0	101.0	160.0	106.0	155.0	110.0	153.0	111.0	98.0	71.0	76.0	149.0	110.0	105.0	120.0	195.0	120.0	111.0	91.0	131.0	128.0	103.0	115.0	103.0
alpha_rarefaction_1053_1.txt	1053	1	111.0	111.0	131.0	70.0	119.0	109.0	208.0	152.0	127.0	122.0	85.0	74.0	136.0	93.0	81.0	101.0	109.0	132.0	108.0	121.0	115.0	103.0	132.0	126.0	119.0	94.0	51.0	93.0	112.0	122.0	95.0	64.0	98.0	104.0	153.0	149.0	111.0	197.0	54.0	106.0	115.0	84.0	94.0	165.0	21.0	161.0	34.0	170.0	68.0	102.0	82.0	127.0	99.0	115.0	73.0	89.0	131.0	63.0	82.0	83.0	93.0	87.0	117.0	132.0	58.0	145.0	167.0	160.0	143.0	107.0	76.0	103.0	154.0	110.0	145.0	108.0	151.0	117.0	83.0	82.0	70.0	144.0	108.0	106.0	119.0	192.0	127.0	106.0	95.0	131.0	123.0	100.0	122.0	111.0
alpha_rarefaction_1053_2.txt	1053	2	114.0	113.0	131.0	69.0	103.0	106.0	191.0	139.0	138.0	110.0	90.0	86.0	141.0	103.0	90.0	104.0	113.0	132.0	104.0	122.0	116.0	104.0	136.0	121.0	113.0	92.0	50.0	93.0	102.0	117.0	92.0	65.0	89.0	96.0	159.0	142.0	111.0	201.0	53.0	109.0	119.0	85.0	105.0	180.0	21.0	162.0	34.0	166.0	66.0	105.0	87.0	129.0	103.0	118.0	71.0	82.0	127.0	66.0	79.0	82.0	89.0	85.0	130.0	120.0	61.0	133.0	167.0	159.0	142.0	110.0	67.0	103.0	163.0	109.0	155.0	107.0	140.0	101.0	101.0	68.0	71.0	152.0	101.0	102.0	119.0	213.0	131.0	102.0	86.0	139.0	136.0	108.0	114.0	113.0
alpha_rarefaction_1053_3.txt	1053	3	116.0	111.0	129.0	69.0	111.0	119.0	196.0	146.0	123.0	116.0	85.0	83.0	132.0	99.0	88.0	100.0	114.0	141.0	99.0	114.0	115.0	106.0	132.0	127.0	122.0	98.0	52.0	98.0	112.0	127.0	96.0	62.0	83.0	94.0	149.0	138.0	112.0	199.0	52.0	109.0	112.0	83.0	98.0	166.0	20.0	162.0	37.0	167.0	56.0	106.0	87.0	133.0	104.0	108.0	66.0	95.0	127.0	68.0	94.0	81.0	97.0	87.0	116.0	128.0	55.0	120.0	173.0	154.0	150.0	119.0	70.0	99.0	157.0	111.0	155.0	115.0	158.0	100.0	97.0	70.0	72.0	152.0	108.0	108.0	120.0	194.0	130.0	109.0	96.0	129.0	126.0	105.0	118.0	110.0
alpha_rarefaction_1053_4.txt	1053	4	116.0	109.0	134.0	71.0	101.0	115.0	190.0	147.0	130.0	107.0	92.0	79.0	136.0	99.0	82.0	105.0	112.0	125.0	106.0	118.0	124.0	112.0	130.0	127.0	118.0	94.0	49.0	91.0	101.0	119.0	84.0	60.0	91.0	93.0	155.0	136.0	113.0	197.0	48.0	111.0	113.0	90.0	104.0	174.0	21.0	168.0	32.0	173.0	67.0	98.0	98.0	129.0	100.0	120.0	68.0	85.0	124.0	70.0	89.0	84.0	94.0	84.0	121.0	129.0	60.0	136.0	156.0	160.0	148.0	105.0	80.0	101.0	148.0	108.0	161.0	112.0	153.0	110.0	102.0	74.0	71.0	148.0	108.0	105.0	119.0	187.0	121.0	108.0	98.0	128.0	132.0	108.0	116.0	111.0
alpha_rarefaction_1053_5.txt	1053	5	110.0	110.0	127.0	72.0	102.0	108.0	192.0	137.0	133.0	122.0	92.0	77.0	138.0	109.0	81.0	98.0	115.0	129.0	97.0	120.0	110.0	109.0	133.0	134.0	114.0	92.0	47.0	86.0	107.0	121.0	95.0	65.0	84.0	94.0	144.0	134.0	106.0	198.0	47.0	110.0	120.0	89.0	101.0	183.0	20.0	155.0	36.0	174.0	66.0	102.0	89.0	130.0	101.0	111.0	74.0	83.0	129.0	72.0	91.0	90.0	91.0	85.0	127.0	117.0	56.0	133.0	161.0	150.0	158.0	116.0	77.0	100.0	146.0	106.0	145.0	110.0	148.0	113.0	92.0	71.0	70.0	139.0	111.0	103.0	122.0	208.0	119.0	100.0	98.0	129.0	127.0	109.0	117.0	104.0
alpha_rarefaction_1053_6.txt	1053	6	123.0	115.0	131.0	66.0	112.0	110.0	188.0	131.0	136.0	113.0	84.0	78.0	131.0	102.0	82.0	101.0	110.0	137.0	101.0	121.0	112.0	104.0	129.0	120.0	121.0	97.0	49.0	100.0	106.0	117.0	85.0	81.0	89.0	104.0	152.0	141.0	105.0	192.0	53.0	112.0	113.0	92.0	106.0	167.0	20.0	165.0	36.0	171.0	71.0	105.0	90.0	125.0	95.0	112.0	70.0	93.0	128.0	66.0	83.0	84.0	89.0	84.0	118.0	109.0	55.0	123.0	157.0	157.0	152.0	124.0	74.0	98.0	151.0	108.0	157.0	115.0	150.0	125.0	94.0	70.0	77.0	157.0	108.0	106.0	112.0	201.0	117.0	109.0	95.0	127.0	134.0	103.0	113.0	107.0
alpha_rarefaction_1053_7.txt	1053	7	120.0	115.0	133.0	71.0	109.0	110.0	191.0	149.0	129.0	108.0	88.0	91.0	135.0	107.0	81.0	103.0	113.0	139.0	110.0	119.0	110.0	109.0	127.0	118.0	117.0	93.0	51.0	93.0	117.0	121.0	86.0	67.0	82.0	96.0	151.0	140.0	114.0	208.0	49.0	121.0	111.0	78.0	103.0	185.0	20.0	160.0	41.0	176.0	66.0	106.0	94.0	127.0	102.0	120.0	73.0	92.0	130.0	67.0	86.0	78.0	89.0	86.0	127.0	121.0	60.0	126.0	165.0	155.0	142.0	106.0	73.0	109.0	152.0	109.0	156.0	103.0	150.0	111.0	96.0	75.0	72.0	157.0	106.0	105.0	125.0	199.0	122.0	102.0	90.0	125.0	129.0	100.0	111.0	112.0
alpha_rarefaction_1053_8.txt	1053	8	121.0	110.0	137.0	65.0	112.0	118.0	191.0	148.0	131.0	112.0	75.0	77.0	142.0	101.0	88.0	96.0	114.0	140.0	105.0	123.0	127.0	96.0	131.0	122.0	116.0	94.0	48.0	91.0	115.0	121.0	86.0	74.0	85.0	90.0	154.0	143.0	113.0	204.0	52.0	103.0	113.0	86.0	100.0	166.0	22.0	163.0	32.0	183.0	65.0	107.0	94.0	125.0	94.0	116.0	72.0	93.0	140.0	70.0	85.0	81.0	90.0	84.0	129.0	121.0	67.0	122.0	177.0	158.0	158.0	108.0	80.0	103.0	143.0	112.0	156.0	102.0	144.0	110.0	93.0	81.0	69.0	155.0	107.0	101.0	121.0	209.0	119.0	96.0	90.0	131.0	135.0	110.0	123.0	102.0
alpha_rarefaction_1053_9.txt	1053	9	117.0	120.0	133.0	69.0	111.0	114.0	191.0	136.0	123.0	121.0	80.0	85.0	131.0	103.0	80.0	100.0	110.0	143.0	110.0	126.0	121.0	106.0	128.0	115.0	113.0	98.0	49.0	95.0	110.0	126.0	87.0	68.0	96.0	89.0	146.0	138.0	105.0	189.0	54.0	110.0	113.0	82.0	101.0	181.0	20.0	166.0	35.0	174.0	65.0	99.0	84.0	128.0	101.0	114.0	68.0	96.0	141.0	67.0	84.0	84.0	82.0	83.0	130.0	119.0	60.0	128.0	157.0	158.0	144.0	109.0	78.0	104.0	149.0	120.0	148.0	108.0	145.0	112.0	95.0	71.0	70.0	142.0	105.0	99.0	137.0	193.0	118.0	103.0	90.0	127.0	135.0	111.0	120.0	111.0
alpha_rarefaction_1202_0.txt	1202	0	122.0	125.0	137.0	72.0	122.0	119.0	218.0	156.0	128.0	118.0	91.0	83.0	143.0	105.0	91.0	107.0	119.0	135.0	106.0	137.0	120.0	107.0	132.0	131.0	129.0	102.0	54.0	107.0	103.0	122.0	101.0	70.0	91.0	101.0	160.0	140.0	122.0	216.0	51.0	117.0	116.0	96.0	106.0	176.0	20.0	165.0	35.0	180.0	70.0	108.0	99.0	132.0	101.0	126.0	77.0	99.0	135.0	62.0	91.0	102.0	92.0	84.0	131.0	130.0	69.0	137.0	178.0	162.0	158.0	111.0	77.0	112.0	169.0	114.0	151.0	114.0	165.0	121.0	105.0	75.0	77.0	163.0	117.0	103.0	116.0	222.0	128.0	107.0	92.0	137.0	134.0	108.0	124.0	112.0
alpha_rarefaction_1202_1.txt	1202	1	126.0	109.0	138.0	75.0	125.0	116.0	202.0	148.0	132.0	115.0	89.0	89.0	142.0	105.0	92.0	106.0	119.0	148.0	109.0	125.0	122.0	110.0	140.0	138.0	123.0	99.0	46.0	98.0	116.0	129.0	89.0	77.0	90.0	92.0	164.0	150.0	109.0	217.0	54.0	112.0	113.0	86.0	105.0	189.0	22.0	170.0	38.0	182.0	67.0	105.0	92.0	130.0	103.0	126.0	69.0	95.0	139.0	66.0	95.0	94.0	92.0	85.0	135.0	134.0	61.0	138.0	180.0	158.0	155.0	112.0	73.0	109.0	158.0	111.0	168.0	113.0	153.0	120.0	98.0	79.0	78.0	152.0	118.0	106.0	128.0	210.0	126.0	108.0	97.0	141.0	132.0	109.0	120.0	115.0
alpha_rarefaction_1202_2.txt	1202	2	124.0	126.0	136.0	66.0	117.0	117.0	201.0	141.0	134.0	116.0	87.0	88.0	137.0	104.0	101.0	107.0	119.0	148.0	111.0	125.0	121.0	109.0	134.0	134.0	125.0	95.0	50.0	102.0	120.0	129.0	94.0	66.0	99.0	97.0	165.0	155.0	111.0	218.0	54.0	110.0	106.0	96.0	104.0	172.0	20.0	170.0	33.0	182.0	63.0	111.0	96.0	132.0	105.0	125.0	78.0	98.0	135.0	65.0	85.0	87.0	89.0	81.0	135.0	134.0	60.0	146.0	172.0	158.0	160.0	119.0	77.0	101.0	164.0	118.0	168.0	114.0	161.0	113.0	105.0	78.0	79.0	156.0	114.0	117.0	132.0	202.0	124.0	114.0	91.0	137.0	132.0	104.0	124.0	114.0
alpha_rarefaction_1202_3.txt	1202	3	119.0	115.0	139.0	74.0	124.0	117.0	219.0	149.0	140.0	119.0	88.0	85.0	146.0	101.0	84.0	101.0	117.0	141.0	110.0	123.0	131.0	109.0	141.0	133.0	121.0	103.0	51.0	94.0	109.0	123.0	91.0	73.0	95.0	97.0	158.0	140.0	117.0	208.0	55.0	125.0	125.0	93.0	109.0	180.0	21.0	176.0	39.0	194.0	72.0	107.0	93.0	132.0	107.0	118.0	79.0	98.0	129.0	68.0	88.0	92.0	95.0	85.0	135.0	128.0	66.0	131.0	171.0	171.0	155.0	116.0	78.0	111.0	174.0	107.0	163.0	113.0	147.0	110.0	98.0	66.0	77.0	156.0	108.0	107.0	124.0	202.0	123.0	112.0	96.0	140.0	129.0	113.0	131.0	109.0
alpha_rarefaction_1202_4.txt	1202	4	121.0	119.0	140.0	68.0	117.0	116.0	209.0	149.0	139.0	116.0	95.0	80.0	146.0	114.0	80.0	104.0	120.0	144.0	103.0	142.0	119.0	110.0	136.0	135.0	120.0	94.0	50.0	99.0	119.0	135.0	90.0	66.0	89.0	106.0	157.0	148.0	115.0	216.0	46.0	110.0	121.0	85.0	102.0	190.0	18.0	172.0	34.0	193.0	69.0	111.0	95.0	129.0	109.0	129.0	71.0	87.0	138.0	61.0	95.0	87.0	98.0	83.0	139.0	129.0	65.0	143.0	168.0	171.0	157.0	116.0	73.0	105.0	165.0	108.0	153.0	123.0	156.0	125.0	105.0	72.0	79.0	156.0	110.0	103.0	127.0	201.0	134.0	116.0	93.0	138.0	127.0	111.0	133.0	114.0
alpha_rarefaction_1202_5.txt	1202	5	121.0	125.0	135.0	70.0	105.0	110.0	210.0	153.0	128.0	118.0	89.0	92.0	140.0	108.0	87.0	104.0	119.0	142.0	114.0	121.0	117.0	110.0	136.0	122.0	121.0	102.0	50.0	92.0	113.0	127.0	94.0	65.0	99.0	97.0	162.0	135.0	112.0	208.0	51.0	110.0	121.0	93.0	105.0	171.0	18.0	169.0	36.0	185.0	70.0	112.0	92.0	132.0	102.0	112.0	68.0	88.0	141.0	64.0	90.0	92.0	95.0	85.0	130.0	127.0	60.0	136.0	174.0	161.0	157.0	125.0	81.0	110.0	169.0	116.0	161.0	114.0	155.0	127.0	97.0	71.0	72.0	155.0	115.0	107.0	126.0	205.0	122.0	105.0	95.0	135.0	146.0	112.0	122.0	112.0
alpha_rarefaction_1202_6.txt	1202	6	120.0	112.0	136.0	66.0	111.0	119.0	202.0	157.0	133.0	117.0	85.0	82.0	146.0	101.0	82.0	107.0	110.0	144.0	107.0	125.0	126.0	106.0	133.0	130.0	134.0	99.0	43.0	94.0	114.0	125.0	95.0	68.0	97.0	98.0	152.0	140.0	109.0	207.0	53.0	120.0	116.0	87.0	104.0	176.0	19.0	169.0	39.0	182.0	63.0	113.0	99.0	126.0	104.0	124.0	74.0	89.0	132.0	71.0	101.0	81.0	92.0	87.0	142.0	127.0	64.0	134.0	169.0	174.0	147.0	118.0	72.0	112.0	165.0	130.0	154.0	108.0	164.0	123.0	97.0	80.0	78.0	152.0	118.0	108.0	129.0	198.0	128.0	106.0	94.0	131.0	140.0	112.0	119.0	111.0
alpha_rarefaction_1202_7.txt	1202	7	121.0	123.0	134.0	70.0	124.0	113.0	198.0	154.0	136.0	126.0	85.0	85.0	143.0	111.0	91.0	102.0	118.0	144.0	107.0	123.0	129.0	101.0	134.0	129.0	120.0	107.0	47.0	99.0	116.0	121.0	92.0	76.0	99.0	91.0	163.0	143.0	110.0	218.0	50.0	109.0	121.0	86.0	104.0	182.0	24.0	170.0	37.0	186.0	68.0	110.0	94.0	127.0	109.0	121.0	70.0	93.0	139.0	70.0	96.0	90.0	97.0	87.0	129.0	130.0	65.0	142.0	158.0	167.0	148.0	110.0	78.0	98.0	160.0	111.0	157.0	111.0	164.0	109.0	101.0	78.0	82.0	154.0	110.0	106.0	120.0	203.0	122.0	111.0	97.0	130.0	147.0	99.0	124.0	108.0
alpha_rarefaction_1202_8.txt	1202	8	113.0	121.0	129.0	68.0	116.0	110.0	205.0	157.0	128.0	123.0	95.0	90.0	142.0	108.0	91.0	103.0	118.0	149.0	108.0	133.0	115.0	109.0	133.0	136.0	128.0	93.0	49.0	101.0	111.0	126.0	92.0	79.0	98.0	100.0	153.0	145.0	103.0	222.0	49.0	119.0	114.0	88.0	104.0	184.0	22.0	175.0	33.0	189.0	64.0	111.0	97.0	133.0	101.0	113.0	75.0	93.0	132.0	73.0	86.0	87.0	96.0	86.0	124.0	117.0	61.0	129.0	174.0	163.0	155.0	118.0	81.0	90.0	157.0	116.0	160.0	114.0	158.0	116.0	109.0	79.0	77.0	152.0	110.0	112.0	131.0	209.0	126.0	115.0	96.0	137.0	149.0	108.0	123.0	107.0
alpha_rarefaction_1202_9.txt	1202	9	114.0	119.0	133.0	75.0	121.0	116.0	208.0	144.0	128.0	121.0	88.0	88.0	137.0	107.0	87.0	104.0	129.0	136.0	112.0	119.0	121.0	103.0	133.0	132.0	133.0	99.0	49.0	103.0	116.0	124.0	96.0	74.0	91.0	101.0	162.0	136.0	117.0	211.0	54.0	118.0	112.0	83.0	112.0	186.0	23.0	167.0	42.0	189.0	71.0	108.0	98.0	133.0	102.0	117.0	73.0	94.0	136.0	67.0	93.0	89.0	88.0	90.0	130.0	126.0	67.0	143.0	190.0	162.0	161.0	123.0	81.0	102.0	162.0	112.0	163.0	118.0	156.0	115.0	107.0	75.0	75.0	161.0	112.0	105.0	128.0	202.0	116.0	102.0	89.0	131.0	130.0	107.0	115.0	120.0
alpha_rarefaction_1351_0.txt	1351	0	121.0	122.0	139.0	78.0	127.0	116.0	212.0	163.0	138.0	120.0	84.0	86.0	141.0	121.0	91.0	105.0	119.0	156.0	111.0	117.0	126.0	111.0	139.0	138.0	132.0	101.0	52.0	100.0	127.0	134.0	97.0	82.0	90.0	107.0	173.0	154.0	121.0	214.0	53.0	118.0	117.0	93.0	118.0	177.0	21.0	177.0	36.0	200.0	72.0	114.0	92.0	136.0	108.0	128.0	72.0	101.0	145.0	73.0	102.0	94.0	97.0	88.0	136.0	133.0	61.0	137.0	179.0	169.0	163.0	126.0	79.0	108.0	176.0	121.0	160.0	120.0	158.0	128.0	109.0	76.0	75.0	157.0	106.0	107.0	150.0	216.0	135.0	114.0	96.0	140.0	153.0	116.0	128.0	121.0
alpha_rarefaction_1351_1.txt	1351	1	124.0	127.0	139.0	80.0	127.0	124.0	200.0	172.0	141.0	134.0	86.0	90.0	146.0	101.0	104.0	109.0	127.0	153.0	111.0	138.0	131.0	112.0	138.0	127.0	133.0	97.0	55.0	106.0	120.0	124.0	93.0	77.0	88.0	104.0	170.0	150.0	119.0	214.0	53.0	125.0	128.0	85.0	108.0	188.0	23.0	173.0	39.0	193.0	70.0	109.0	96.0	134.0	105.0	125.0	74.0	96.0	139.0	68.0	92.0	86.0	96.0	89.0	132.0	121.0	68.0	143.0	190.0	175.0	164.0	119.0	79.0	115.0	180.0	121.0	169.0	110.0	163.0	127.0	105.0	74.0	76.0	161.0	111.0	116.0	136.0	209.0	131.0	130.0	106.0	136.0	151.0	118.0	123.0	113.0
alpha_rarefaction_1351_2.txt	1351	2	131.0	120.0	137.0	70.0	124.0	112.0	213.0	160.0	150.0	129.0	93.0	92.0	138.0	105.0	93.0	107.0	118.0	156.0	108.0	140.0	131.0	111.0	146.0	137.0	133.0	102.0	50.0	104.0	116.0	122.0	98.0	78.0	98.0	107.0	169.0	151.0	122.0	228.0	58.0	123.0	124.0	95.0	112.0	195.0	18.0	174.0	36.0	189.0	64.0	110.0	105.0	132.0	108.0	138.0	73.0	103.0	141.0	66.0	101.0	90.0	92.0	91.0	132.0	135.0	68.0	143.0	175.0	160.0	166.0	123.0	83.0	109.0	172.0	111.0	170.0	118.0	165.0	123.0	112.0	76.0	78.0	160.0	119.0	115.0	135.0	228.0	136.0	113.0	96.0	139.0	151.0	110.0	142.0	114.0
alpha_rarefaction_1351_3.txt	1351	3	124.0	122.0	135.0	75.0	129.0	117.0	210.0	168.0	139.0	134.0	86.0	92.0	142.0	116.0	91.0	111.0	119.0	154.0	108.0	127.0	138.0	112.0	143.0	130.0	130.0	98.0	49.0	107.0	117.0	132.0	103.0	75.0	95.0	105.0	164.0	153.0	121.0	219.0	49.0	119.0	127.0	86.0	113.0	183.0	21.0	185.0	40.0	180.0	68.0	110.0	97.0	135.0	107.0	125.0	71.0	95.0	141.0	75.0	100.0	86.0	95.0	93.0	134.0	131.0	70.0	146.0	182.0	168.0	171.0	110.0	83.0	106.0	163.0	119.0	161.0	131.0	161.0	115.0	107.0	79.0	79.0	158.0	115.0	108.0	131.0	210.0	135.0	109.0	99.0	140.0	147.0	110.0	131.0	120.0
alpha_rarefaction_1351_4.txt	1351	4	123.0	123.0	144.0	71.0	133.0	117.0	206.0	161.0	145.0	130.0	99.0	88.0	146.0	108.0	90.0	111.0	128.0	147.0	113.0	121.0	126.0	114.0	140.0	142.0	140.0	103.0	52.0	104.0	122.0	127.0	91.0	69.0	104.0	110.0	162.0	143.0	114.0	223.0	55.0	115.0	119.0	94.0	107.0	195.0	21.0	181.0	36.0	189.0	67.0	113.0	94.0	135.0	107.0	125.0	77.0	102.0	139.0	68.0	99.0	83.0	96.0	86.0	133.0	134.0	68.0	144.0	182.0	179.0	168.0	115.0	87.0	107.0	143.0	115.0	170.0	121.0	167.0	110.0	105.0	75.0	78.0	157.0	113.0	121.0	134.0	198.0	136.0	110.0	93.0	138.0	140.0	115.0	125.0	115.0
alpha_rarefaction_1351_5.txt	1351	5	123.0	122.0	134.0	75.0	118.0	125.0	204.0	170.0	147.0	133.0	92.0	92.0	145.0	108.0	86.0	99.0	126.0	153.0	120.0	135.0	126.0	108.0	142.0	132.0	135.0	104.0	48.0	102.0	122.0	126.0	99.0	77.0	89.0	100.0	165.0	142.0	113.0	227.0	57.0	128.0	122.0	89.0	113.0	192.0	20.0	167.0	39.0	193.0	68.0	118.0	100.0	133.0	106.0	122.0	75.0	94.0	139.0	75.0	98.0	86.0	96.0	86.0	142.0	128.0	62.0	149.0	185.0	176.0	171.0	123.0	82.0	112.0	160.0	129.0	160.0	117.0	157.0	119.0	104.0	78.0	79.0	161.0	113.0	122.0	141.0	219.0	140.0	102.0	97.0	141.0	143.0	103.0	138.0	119.0
alpha_rarefaction_1351_6.txt	1351	6	115.0	119.0	140.0	69.0	127.0	124.0	219.0	163.0	146.0	126.0	92.0	88.0	149.0	115.0	89.0	103.0	119.0	148.0	110.0	136.0	122.0	106.0	144.0	136.0	141.0	103.0	48.0	100.0	123.0	135.0	92.0	78.0	97.0	108.0	170.0	154.0	128.0	226.0	55.0	118.0	120.0	86.0	118.0	184.0	19.0	172.0	37.0	213.0	68.0	109.0	94.0	136.0	108.0	123.0	78.0	96.0	138.0	68.0	99.0	89.0	96.0	87.0	135.0	134.0	61.0	133.0	188.0	167.0	168.0	118.0	74.0	109.0	173.0	110.0	162.0	118.0	157.0	129.0	107.0	83.0	78.0	163.0	117.0	120.0	133.0	213.0	134.0	121.0	102.0	139.0	141.0	115.0	129.0	124.0
alpha_rarefaction_1351_7.txt	1351	7	125.0	126.0	138.0	72.0	127.0	120.0	208.0	170.0	137.0	140.0	100.0	87.0	144.0	104.0	86.0	103.0	114.0	162.0	120.0	128.0	126.0	113.0	138.0	141.0	124.0	92.0	49.0	111.0	117.0	124.0	100.0	69.0	92.0	104.0	162.0	149.0	119.0	216.0	55.0	117.0	121.0	93.0	115.0	197.0	24.0	173.0	35.0	200.0	71.0	116.0	98.0	131.0	109.0	126.0	76.0	98.0	150.0	68.0	97.0	91.0	88.0	87.0	133.0	127.0	73.0	141.0	186.0	161.0	155.0	109.0	76.0	102.0	173.0	124.0	169.0	117.0	165.0	131.0	108.0	79.0	79.0	163.0	111.0	110.0	127.0	213.0	135.0	116.0	99.0	135.0	142.0	119.0	127.0	117.0
alpha_rarefaction_1351_8.txt	1351	8	123.0	121.0	144.0	71.0	132.0	122.0	212.0	159.0	138.0	118.0	95.0	84.0	149.0	110.0	85.0	107.0	132.0	149.0	118.0	131.0	124.0	113.0	141.0	136.0	130.0	98.0	46.0	98.0	117.0	128.0	98.0	77.0	99.0	100.0	168.0	150.0	117.0	206.0	51.0	122.0	118.0	92.0	105.0	187.0	23.0	170.0	40.0	192.0	68.0	114.0	88.0	132.0	107.0	128.0	77.0	103.0	140.0	68.0	98.0	96.0	92.0	95.0	137.0	135.0	65.0	145.0	180.0	175.0	168.0	127.0	84.0	112.0	162.0	128.0	169.0	123.0	157.0	123.0	107.0	74.0	79.0	163.0	115.0	119.0	125.0	214.0	124.0	116.0	93.0	135.0	126.0	112.0	143.0	118.0
alpha_rarefaction_1351_9.txt	1351	9	119.0	119.0	142.0	71.0	116.0	119.0	223.0	157.0	147.0	117.0	93.0	90.0	139.0	110.0	90.0	108.0	126.0	150.0	111.0	127.0	123.0	110.0	147.0	136.0	137.0	105.0	49.0	106.0	116.0	131.0	100.0	73.0	94.0	100.0	160.0	147.0	122.0	214.0	53.0	122.0	125.0	100.0	102.0	199.0	20.0	185.0	40.0	188.0	71.0	106.0	99.0	130.0	111.0	119.0	75.0	99.0	147.0	71.0	101.0	93.0	92.0	92.0	133.0	135.0	68.0	143.0	179.0	184.0	160.0	127.0	76.0	113.0	165.0	121.0	160.0	121.0	170.0	130.0	107.0	75.0	79.0	164.0	121.0	104.0	132.0	220.0	134.0	120.0	101.0	140.0	148.0	111.0	129.0	118.0
alpha_rarefaction_1500_0.txt	1500	0	132.0	130.0	145.0	78.0	130.0	128.0	199.0	160.0	140.0	122.0	89.0	88.0	150.0	121.0	95.0	112.0	138.0	168.0	123.0	138.0	131.0	116.0	147.0	138.0	137.0	100.0	50.0	109.0	121.0	138.0	105.0	76.0	101.0	112.0	167.0	157.0	119.0	231.0	55.0	120.0	120.0	105.0	119.0	207.0	23.0	182.0	34.0	202.0	67.0	119.0	98.0	137.0	108.0	121.0	73.0	104.0	148.0	76.0	110.0	95.0	99.0	96.0	137.0	139.0	64.0	145.0	188.0	187.0	174.0	128.0	89.0	112.0	176.0	129.0	166.0	122.0	167.0	121.0	105.0	79.0	79.0	162.0	119.0	118.0	140.0	238.0	143.0	114.0	99.0	141.0	144.0	121.0	138.0	116.0
alpha_rarefaction_1500_1.txt	1500	1	135.0	126.0	153.0	77.0	124.0	119.0	216.0	167.0	142.0	130.0	104.0	88.0	145.0	111.0	98.0	111.0	125.0	158.0	111.0	138.0	122.0	116.0	148.0	141.0	139.0	104.0	56.0	100.0	127.0	131.0	99.0	82.0	92.0	114.0	183.0	160.0	124.0	230.0	56.0	122.0	130.0	94.0	110.0	203.0	21.0	175.0	33.0	192.0	71.0	115.0	102.0	134.0	105.0	132.0	80.0	94.0	150.0	80.0	99.0	101.0	99.0	86.0	139.0	141.0	72.0	161.0	196.0	175.0	166.0	125.0	83.0	117.0	169.0	122.0	175.0	119.0	166.0	123.0	110.0	80.0	79.0	159.0	117.0	114.0	150.0	230.0	143.0	104.0	104.0	139.0	152.0	116.0	140.0	115.0
alpha_rarefaction_1500_2.txt	1500	2	130.0	125.0	144.0	73.0	133.0	130.0	217.0	159.0	146.0	129.0	99.0	85.0	155.0	115.0	85.0	111.0	136.0	158.0	112.0	134.0	130.0	117.0	143.0	143.0	142.0	103.0	53.0	110.0	113.0	136.0	101.0	84.0	92.0	110.0	177.0	152.0	122.0	232.0	57.0	126.0	126.0	97.0	114.0	209.0	22.0	184.0	40.0	199.0	73.0	118.0	108.0	136.0	107.0	132.0	80.0	100.0	143.0	74.0	108.0	99.0	100.0	91.0	136.0	133.0	62.0	159.0	182.0	177.0	177.0	123.0	90.0	116.0	176.0	119.0	177.0	126.0	170.0	129.0	109.0	75.0	83.0	164.0	120.0	108.0	146.0	234.0	134.0	116.0	105.0	144.0	141.0	119.0	130.0	123.0
alpha_rarefaction_1500_3.txt	1500	3	131.0	123.0	146.0	73.0	131.0	123.0	218.0	179.0	137.0	128.0	98.0	79.0	149.0	111.0	87.0	106.0	125.0	147.0	122.0	143.0	129.0	111.0	143.0	137.0	145.0	104.0	49.0	107.0	128.0	142.0	103.0	84.0	86.0	115.0	173.0	145.0	123.0	240.0	56.0	116.0	130.0	98.0	126.0	206.0	21.0	181.0	35.0	206.0	73.0	117.0	98.0	136.0	108.0	130.0	77.0	95.0	141.0	73.0	95.0	101.0	96.0	89.0	146.0	130.0	69.0	152.0	177.0	178.0	174.0	120.0	71.0	115.0	165.0	117.0	171.0	126.0	173.0	138.0	108.0	80.0	79.0	170.0	124.0	113.0	142.0	225.0	140.0	113.0	100.0	136.0	148.0	113.0	141.0	116.0
alpha_rarefaction_1500_4.txt	1500	4	130.0	131.0	133.0	80.0	145.0	128.0	211.0	170.0	141.0	134.0	93.0	89.0	154.0	117.0	101.0	108.0	125.0	160.0	111.0	145.0	139.0	114.0	144.0	135.0	136.0	100.0	56.0	105.0	122.0	141.0	99.0	88.0	93.0	108.0	172.0	156.0	116.0	237.0	58.0	118.0	136.0	93.0	115.0	204.0	21.0	178.0	32.0	205.0	71.0	117.0	96.0	136.0	109.0	129.0	74.0	96.0	150.0	71.0	102.0	86.0	98.0	91.0	140.0	134.0	67.0	151.0	185.0	184.0	165.0	131.0	85.0	120.0	179.0	123.0	186.0	120.0	173.0	127.0	107.0	81.0	76.0	162.0	118.0	118.0	140.0	223.0	132.0	120.0	101.0	138.0	147.0	120.0	131.0	115.0
alpha_rarefaction_1500_5.txt	1500	5	128.0	133.0	140.0	74.0	127.0	123.0	209.0	171.0	144.0	127.0	100.0	90.0	154.0	125.0	100.0	108.0	123.0	153.0	117.0	137.0	133.0	119.0	147.0	140.0	130.0	104.0	47.0	101.0	123.0	143.0	92.0	83.0	97.0	105.0	169.0	156.0	113.0	231.0	58.0	124.0	121.0	100.0	107.0	190.0	21.0	183.0	39.0	197.0	71.0	115.0	101.0	136.0	109.0	129.0	83.0	99.0	145.0	76.0	103.0	91.0	96.0	96.0	135.0	125.0	70.0	145.0	183.0	181.0	163.0	117.0	84.0	111.0	169.0	126.0	175.0	122.0	173.0	136.0	117.0	85.0	82.0	167.0	122.0	119.0	132.0	223.0	133.0	128.0	100.0	143.0	145.0	114.0	133.0	122.0
alpha_rarefaction_1500_6.txt	1500	6	119.0	121.0	149.0	81.0	131.0	112.0	220.0	152.0	141.0	142.0	99.0	87.0	163.0	119.0	91.0	109.0	133.0	164.0	115.0	142.0	130.0	113.0	144.0	135.0	142.0	104.0	53.0	100.0	122.0	128.0	101.0	82.0	100.0	108.0	186.0	157.0	122.0	230.0	55.0	118.0	131.0	99.0	118.0	201.0	24.0	185.0	39.0	206.0	73.0	111.0	102.0	135.0	111.0	122.0	81.0	103.0	140.0	80.0	111.0	94.0	101.0	90.0	142.0	134.0	62.0	146.0	187.0	181.0	170.0	132.0	86.0	116.0	180.0	124.0	171.0	131.0	163.0	140.0	107.0	80.0	77.0	161.0	114.0	115.0	143.0	229.0	144.0	118.0	103.0	140.0	143.0	119.0	142.0	118.0
alpha_rarefaction_1500_7.txt	1500	7	129.0	124.0	147.0	77.0	130.0	127.0	209.0	174.0	146.0	131.0	105.0	95.0	158.0	120.0	91.0	107.0	121.0	155.0	110.0	142.0	128.0	109.0	143.0	139.0	143.0	96.0	44.0	119.0	119.0	131.0	103.0	83.0	101.0	114.0	168.0	153.0	117.0	224.0	60.0	128.0	133.0	97.0	112.0	211.0	20.0	173.0	37.0	198.0	73.0	119.0	100.0	134.0	109.0	127.0	76.0	104.0	139.0	70.0	103.0	93.0	97.0	82.0	139.0	136.0	69.0	154.0	191.0	193.0	177.0	121.0	91.0	114.0	187.0	131.0	169.0	124.0	169.0	118.0	107.0	81.0	82.0	154.0	118.0	108.0	149.0	231.0	141.0	112.0	103.0	145.0	155.0	125.0	127.0	114.0
alpha_rarefaction_1500_8.txt	1500	8	137.0	124.0	149.0	76.0	134.0	121.0	209.0	157.0	141.0	128.0	94.0	89.0	146.0	112.0	94.0	109.0	130.0	164.0	118.0	145.0	124.0	112.0	142.0	148.0	145.0	104.0	52.0	108.0	127.0	135.0	101.0	77.0	94.0	110.0	165.0	155.0	131.0	222.0	54.0	117.0	128.0	102.0	119.0	189.0	23.0	185.0	35.0	195.0	72.0	115.0	105.0	135.0	110.0	127.0	74.0	98.0	146.0	77.0	108.0	96.0	92.0	102.0	140.0	145.0	65.0	158.0	188.0	174.0	162.0	121.0	92.0	114.0	179.0	123.0	176.0	124.0	177.0	116.0	105.0	72.0	86.0	166.0	124.0	117.0	148.0	230.0	139.0	110.0	101.0	141.0	158.0	119.0	125.0	116.0
alpha_rarefaction_1500_9.txt	1500	9	140.0	119.0	144.0	74.0	135.0	126.0	212.0	167.0	150.0	128.0	106.0	87.0	156.0	117.0	89.0	113.0	134.0	151.0	118.0	145.0	139.0	115.0	143.0	147.0	138.0	98.0	49.0	107.0	131.0	136.0	98.0	82.0	94.0	109.0	177.0	152.0	119.0	236.0	53.0	125.0	129.0	97.0	111.0	205.0	21.0	174.0	41.0	193.0	79.0	121.0	107.0	136.0	111.0	123.0	81.0	102.0	150.0	76.0	103.0	99.0	95.0	91.0	141.0	129.0	65.0	147.0	185.0	179.0	176.0	120.0	83.0	115.0	168.0	120.0	168.0	120.0	168.0	126.0	111.0	79.0	82.0	165.0	114.0	112.0	139.0	220.0	141.0	118.0	99.0	142.0	146.0	122.0	137.0	124.0